0.00	,1.00	
0.00	,1.00	
0.00	,1.00	
0.00	,1.00	
0.00	,1.00	
0.00	,1.00	
0.00	,1.00	
0.00	,1.00	
0.00	,1.00	
0.00	,1.00	
23.40	,0.01	
28.20	,0.01	
32.40	,0.01	
34.70	,0.01	
38.90	,0.01	
43.10	,0.01	
46.90	,0.01	
51.00	,0.02	
55.00	,0.02	
59.00	,0.02	
63.00	,0.02	
67.00	,0.02	
71.00	,0.02	
75.00	,0.02	
79.10	,0.02	
83.00	,0.02	
87.00	,0.02	
91.00	,0.03	
95.00	,0.03	
99.10	,0.03	
102.00	,0.04	
105.10	,0.04	
108.00	,0.05	
111.10	,0.07	
114.00	,0.09	
117.00	,0.16	
120.00	,0.42	
123.00	,3.06	
126.10	,96.30	
128.80	,219.94	
132.00	,227.73	
135.10	,235.69	
137.90	,246.73	
141.00	,263.55	
144.00	,283.17	
146.90	,302.92	
0.00	,1.00	
0.00	,1.00	
0.00	,1.00	
0.00	,1.00	
0.00	,1.00	
0.00	,1.00	
0.00	,1.00	
0.00	,1.00	
0.00	,1.00	
0.00	,1.00	
0.00	,1.00	
0.00	,1.00	
0.00	,1.00	
0.00	,1.00	
0.00	,1.00	
0.00	,1.00	
0.00	,1.00	
0.00	,1.00	
0.00	,1.00	
0.00	,1.00	
0.00	,1.00	
0.00	,1.00	
0.00	,1.00	
0.00	,1.00	
0.00	,1.00	
0.00	,1.00	
0.00	,1.00	
0.00	,1.00	
0.00	,1.00	
0.00	,1.00	
0.00	,1.00	
0.00	,1.00	
0.00	,1.00	
0.00	,1.00	
0.00	,1.00	
0.00	,1.00	
0.00	,1.00	
0.00	,1.00	
0.00	,1.00	
0.00	,1.00	
0.00	,1.00	
0.00	,1.00	
0.00	,1.00	
0.00	,1.00	
0.00	,1.00	
0.00	,1.00	
0.00	,1.00	
0.00	,1.00	
0.00	,1.00	
0.00	,1.00	
0.00	,1.00	
0.00	,1.00	
0.00	,1.00	
0.00	,1.00	
0.00	,1.00	
0.00	,1.00	
0.00	,1.00	
0.00	,1.00	
0.00	,1.00	
0.00	,1.00	
0.00	,1.00	
0.00	,1.00	
0.00	,1.00	
0.00	,1.00	
0.00	,1.00	
0.00	,1.00	
0.00	,1.00	
0.00	,1.00	
0.00	,1.00	
0.00	,1.00	
0.00	,1.00	
0.00	,1.00	
0.00	,1.00	
0.00	,1.00	
0.00	,1.00	
0.00	,1.00	
0.00	,1.00	
0.00	,1.00	
0.00	,1.00	
0.00	,1.00	
0.00	,1.00	
0.00	,1.00	
0.00	,1.00	
0.00	,1.00	
0.00	,1.00	
0.00	,1.00	
0.00	,1.00	
0.00	,1.00	
0.00	,1.00	
0.00	,1.00	
0.00	,1.00	
0.00	,1.00	
0.00	,1.00	
0.00	,1.00	
0.00	,1.00	
0.00	,1.00	
0.00	,1.00	
0.00	,1.00	
0.00	,1.00	
0.00	,1.00	
0.00	,1.00	
0.00	,1.00	
0.00	,1.00	
0.00	,1.00	
0.00	,1.00	
0.00	,1.00	
0.00	,1.00	
0.00	,1.00	
0.00	,1.00	
0.00	,1.00	
0.00	,1.00	
0.00	,1.00	
0.00	,1.00	
0.00	,1.00	
0.00	,1.00	
0.00	,1.00	
0.00	,1.00	
0.00	,1.00	
0.00	,1.00	
0.00	,1.00	
0.00	,1.00	
0.00	,1.00	
0.00	,1.00	
0.00	,1.00	
0.00	,1.00	
0.00	,1.00	
0.00	,1.00	
0.00	,1.00	
0.00	,1.00	
0.00	,1.00	
0.00	,1.00	
0.00	,1.00	
0.00	,1.00	
0.00	,1.00	
0.00	,1.00	
0.00	,1.00	
0.00	,1.00	
0.00	,1.00	
0.00	,1.00	
0.00	,1.00	
0.00	,1.00	
0.00	,1.00	
0.00	,1.00	
0.00	,1.00	
0.00	,1.00	
0.00	,1.00	
0.00	,1.00	
0.00	,1.00	
0.00	,1.00	
0.00	,1.00	
0.00	,1.00	
0.00	,1.00	
0.00	,1.00	
0.00	,1.00	
0.00	,1.00	
0.00	,1.00	
0.00	,1.00	
0.00	,1.00	
0.00	,1.00	
0.00	,1.00	
0.00	,1.00	
0.00	,1.00	
0.00	,1.00	
0.00	,1.00	
23.40	,8.55	
28.20	,8.72	
32.40	,9.04	
34.70	,9.32	
38.90	,9.69	
43.10	,9.94	
46.90	,10.19	
51.00	,10.51	
55.00	,10.84	
59.00	,11.23	
63.00	,11.67	
67.00	,12.22	
71.00	,12.87	
75.00	,13.67	
79.10	,14.71	
83.00	,15.98	
87.00	,17.61	
91.00	,19.84	
95.00	,22.86	
99.10	,27.57	
102.00	,32.84	
105.10	,41.33	
108.00	,55.44	
111.10	,86.84	
114.00	,164.39	
117.00	,475.64	
120.00	,2987.99	
123.00	,56820.65	
126.10	,431034.06	
128.80	,329266.13	
132.00	,358639.00	
135.10	,431371.56	
137.90	,530023.13	
141.00	,680917.38	
144.00	,893102.19	
146.90	,1166358.38	
0.00	,1.00	
0.00	,1.00	
0.00	,1.00	
0.00	,1.00	
0.00	,1.00	
0.00	,1.00	
0.00	,1.00	
0.00	,1.00	
0.00	,1.00	
0.00	,1.00	
0.00	,1.00	
0.00	,1.00	
0.00	,1.00	
0.00	,1.00	
0.00	,1.00	
0.00	,1.00	
0.00	,1.00	
0.00	,1.00	
0.00	,1.00	
0.00	,1.00	
0.00	,1.00	
0.00	,1.00	
0.00	,1.00	
0.00	,1.00	
0.00	,1.00	
0.00	,1.00	
0.00	,1.00	
0.00	,1.00	
0.00	,1.00	
0.00	,1.00	
0.00	,1.00	
0.00	,1.00	
0.00	,1.00	
0.00	,1.00	
0.00	,1.00	
0.00	,1.00	
0.00	,1.00	
0.00	,1.00	
0.00	,1.00	
0.00	,1.00	
0.00	,1.00	
0.00	,1.00	
0.00	,1.00	
0.00	,1.00	
0.00	,1.00	
0.00	,1.00	
0.00	,1.00	
0.00	,1.00	
0.00	,1.00	
0.00	,1.00	
0.00	,1.00	
0.00	,1.00	
0.00	,1.00	
0.00	,1.00	
0.00	,1.00	
0.00	,1.00	
0.00	,1.00	
0.00	,1.00	
0.00	,1.00	
0.00	,1.00	
0.00	,1.00	
0.00	,1.00	
0.00	,1.00	
0.00	,1.00	
0.00	,1.00	
0.00	,1.00	
0.00	,1.00	
0.00	,1.00	
0.00	,1.00	
0.00	,1.00	
0.00	,1.00	
0.00	,1.00	
0.00	,1.00	
0.00	,1.00	
0.00	,1.00	
0.00	,1.00	
0.00	,1.00	
0.00	,1.00	
0.00	,1.00	
0.00	,1.00	
0.00	,1.00	
0.00	,1.00	
0.00	,1.00	
0.00	,1.00	
0.00	,1.00	
0.00	,1.00	
0.00	,1.00	
0.00	,1.00	
0.00	,1.00	
0.00	,1.00	
0.00	,1.00	
0.00	,1.00	
0.00	,1.00	
0.00	,1.00	
0.00	,1.00	
0.00	,1.00	
0.00	,1.00	
0.00	,1.00	
0.00	,1.00	
0.00	,1.00	
0.00	,1.00	
0.00	,1.00	
0.00	,1.00	
0.00	,1.00	
0.00	,1.00	
0.00	,1.00	
0.00	,1.00	
0.00	,1.00	
0.00	,1.00	
0.00	,1.00	
0.00	,1.00	
0.00	,1.00	
0.00	,1.00	
0.00	,1.00	
0.00	,1.00	
0.00	,1.00	
0.00	,1.00	
0.00	,1.00	
0.00	,1.00	
0.00	,1.00	
0.00	,1.00	
0.00	,1.00	
0.00	,1.00	
0.00	,1.00	
0.00	,1.00	
0.00	,1.00	
0.00	,1.00	
0.00	,1.00	
0.00	,1.00	
0.00	,1.00	
0.00	,1.00	
0.00	,1.00	
0.00	,1.00	
0.00	,1.00	
0.00	,1.00	
0.00	,1.00	
0.00	,1.00	
0.00	,1.00	
0.00	,1.00	
0.00	,1.00	
0.00	,1.00	
0.00	,1.00	
0.00	,1.00	
0.00	,1.00	
0.00	,1.00	
0.00	,1.00	
0.00	,1.00	
0.00	,1.00	
0.00	,1.00	
0.00	,1.00	
0.00	,1.00	
0.00	,1.00	
0.00	,1.00	
0.00	,1.00	
0.00	,1.00	
0.00	,1.00	
0.00	,1.00	
0.00	,1.00	
0.00	,1.00	
0.00	,1.00	
0.00	,1.00	
0.00	,1.00	
0.00	,1.00	
0.00	,1.00	
23.40	,0.27	
28.20	,0.28	
32.40	,0.28	
34.70	,0.29	
38.90	,0.30	
43.10	,0.30	
46.90	,0.32	
51.00	,0.33	
55.00	,0.34	
59.00	,0.36	
63.00	,0.38	
67.00	,0.41	
71.00	,0.44	
75.00	,0.48	
79.10	,0.54	
83.00	,0.61	
87.00	,0.71	
91.00	,0.87	
95.00	,1.10	
99.10	,1.51	
102.00	,2.02	
105.10	,2.84	
108.00	,4.25	
111.10	,7.38	
114.00	,15.27	
117.00	,53.53	
120.00	,472.65	
123.00	,18904.82	
126.10	,186131.08	
128.80	,235039.56	
132.00	,307511.66	
135.10	,404611.38	
137.90	,525374.19	
141.00	,698355.69	
144.00	,921872.19	
146.90	,1344686.63	
0.00	,1.00	
0.00	,1.00	
0.00	,1.00	
0.00	,1.00	
0.00	,1.00	
0.00	,1.00	
0.00	,1.00	
0.00	,1.00	
0.00	,1.00	
0.00	,1.00	
0.00	,1.00	
0.00	,1.00	
0.00	,1.00	
0.00	,1.00	
0.00	,1.00	
0.00	,1.00	
0.00	,1.00	
0.00	,1.00	
0.00	,1.00	
0.00	,1.00	
0.00	,1.00	
0.00	,1.00	
0.00	,1.00	
0.00	,1.00	
0.00	,1.00	
0.00	,1.00	
0.00	,1.00	
0.00	,1.00	
0.00	,1.00	
0.00	,1.00	
0.00	,1.00	
0.00	,1.00	
0.00	,1.00	
0.00	,1.00	
0.00	,1.00	
0.00	,1.00	
0.00	,1.00	
0.00	,1.00	
0.00	,1.00	
0.00	,1.00	
0.00	,1.00	
0.00	,1.00	
0.00	,1.00	
0.00	,1.00	
0.00	,1.00	
0.00	,1.00	
0.00	,1.00	
0.00	,1.00	
0.00	,1.00	
0.00	,1.00	
0.00	,1.00	
0.00	,1.00	
0.00	,1.00	
0.00	,1.00	
0.00	,1.00	
0.00	,1.00	
0.00	,1.00	
0.00	,1.00	
0.00	,1.00	
0.00	,1.00	
0.00	,1.00	
0.00	,1.00	
0.00	,1.00	
0.00	,1.00	
0.00	,1.00	
0.00	,1.00	
0.00	,1.00	
0.00	,1.00	
0.00	,1.00	
0.00	,1.00	
0.00	,1.00	
0.00	,1.00	
0.00	,1.00	
0.00	,1.00	
0.00	,1.00	
0.00	,1.00	
0.00	,1.00	
0.00	,1.00	
0.00	,1.00	
0.00	,1.00	
0.00	,1.00	
0.00	,1.00	
0.00	,1.00	
0.00	,1.00	
0.00	,1.00	
0.00	,1.00	
0.00	,1.00	
0.00	,1.00	
0.00	,1.00	
0.00	,1.00	
0.00	,1.00	
0.00	,1.00	
0.00	,1.00	
0.00	,1.00	
0.00	,1.00	
0.00	,1.00	
0.00	,1.00	
0.00	,1.00	
0.00	,1.00	
0.00	,1.00	
0.00	,1.00	
0.00	,1.00	
0.00	,1.00	
0.00	,1.00	
0.00	,1.00	
0.00	,1.00	
0.00	,1.00	
0.00	,1.00	
0.00	,1.00	
0.00	,1.00	
0.00	,1.00	
0.00	,1.00	
0.00	,1.00	
0.00	,1.00	
0.00	,1.00	
0.00	,1.00	
0.00	,1.00	
0.00	,1.00	
0.00	,1.00	
0.00	,1.00	
0.00	,1.00	
0.00	,1.00	
0.00	,1.00	
0.00	,1.00	
0.00	,1.00	
0.00	,1.00	
0.00	,1.00	
0.00	,1.00	
0.00	,1.00	
0.00	,1.00	
0.00	,1.00	
0.00	,1.00	
0.00	,1.00	
0.00	,1.00	
0.00	,1.00	
0.00	,1.00	
0.00	,1.00	
0.00	,1.00	
0.00	,1.00	
0.00	,1.00	
0.00	,1.00	
0.00	,1.00	
0.00	,1.00	
0.00	,1.00	
0.00	,1.00	
0.00	,1.00	
0.00	,1.00	
0.00	,1.00	
0.00	,1.00	
0.00	,1.00	
0.00	,1.00	
0.00	,1.00	
0.00	,1.00	
0.00	,1.00	
0.00	,1.00	
0.00	,1.00	
0.00	,1.00	
0.00	,1.00	
0.00	,1.00	
0.00	,1.00	
0.00	,1.00	
0.00	,1.00	
0.00	,1.00	
0.00	,1.00	
23.40	,0.28	
28.20	,0.28	
32.40	,0.29	
34.70	,0.30	
38.90	,0.31	
43.10	,0.32	
46.90	,0.33	
51.00	,0.34	
55.00	,0.36	
59.00	,0.38	
63.00	,0.40	
67.00	,0.43	
71.00	,0.46	
75.00	,0.51	
79.10	,0.57	
83.00	,0.65	
87.00	,0.77	
91.00	,0.96	
95.00	,1.24	
99.10	,1.76	
102.00	,2.44	
105.10	,3.57	
108.00	,5.75	
111.10	,11.04	
114.00	,28.16	
117.00	,164.23	
120.00	,3835.56	
123.00	,163200.44	
126.10	,268085.84	
128.80	,350166.06	
132.00	,492416.22	
135.10	,694108.63	
137.90	,937204.38	
141.00	,1534857.25	
144.00	,2154276.00	
146.90	,2963995.75	
0.00	,1.00	
0.00	,1.00	
0.00	,1.00	
0.00	,1.00	
0.00	,1.00	
0.00	,1.00	
0.00	,1.00	
0.00	,1.00	
0.00	,1.00	
0.00	,1.00	
0.00	,1.00	
0.00	,1.00	
0.00	,1.00	
0.00	,1.00	
0.00	,1.00	
0.00	,1.00	
0.00	,1.00	
0.00	,1.00	
0.00	,1.00	
0.00	,1.00	
0.00	,1.00	
0.00	,1.00	
0.00	,1.00	
0.00	,1.00	
0.00	,1.00	
0.00	,1.00	
0.00	,1.00	
0.00	,1.00	
0.00	,1.00	
0.00	,1.00	
0.00	,1.00	
0.00	,1.00	
0.00	,1.00	
0.00	,1.00	
0.00	,1.00	
0.00	,1.00	
0.00	,1.00	
0.00	,1.00	
0.00	,1.00	
0.00	,1.00	
0.00	,1.00	
0.00	,1.00	
0.00	,1.00	
0.00	,1.00	
0.00	,1.00	
0.00	,1.00	
0.00	,1.00	
0.00	,1.00	
0.00	,1.00	
0.00	,1.00	
0.00	,1.00	
0.00	,1.00	
0.00	,1.00	
0.00	,1.00	
0.00	,1.00	
0.00	,1.00	
0.00	,1.00	
0.00	,1.00	
0.00	,1.00	
0.00	,1.00	
0.00	,1.00	
0.00	,1.00	
0.00	,1.00	
0.00	,1.00	
0.00	,1.00	
0.00	,1.00	
0.00	,1.00	
0.00	,1.00	
0.00	,1.00	
0.00	,1.00	
0.00	,1.00	
0.00	,1.00	
0.00	,1.00	
0.00	,1.00	
0.00	,1.00	
0.00	,1.00	
0.00	,1.00	
0.00	,1.00	
0.00	,1.00	
0.00	,1.00	
0.00	,1.00	
0.00	,1.00	
0.00	,1.00	
0.00	,1.00	
0.00	,1.00	
0.00	,1.00	
0.00	,1.00	
0.00	,1.00	
0.00	,1.00	
0.00	,1.00	
0.00	,1.00	
0.00	,1.00	
0.00	,1.00	
0.00	,1.00	
0.00	,1.00	
0.00	,1.00	
0.00	,1.00	
0.00	,1.00	
0.00	,1.00	
0.00	,1.00	
0.00	,1.00	
0.00	,1.00	
0.00	,1.00	
0.00	,1.00	
0.00	,1.00	
0.00	,1.00	
0.00	,1.00	
0.00	,1.00	
0.00	,1.00	
0.00	,1.00	
0.00	,1.00	
0.00	,1.00	
0.00	,1.00	
0.00	,1.00	
0.00	,1.00	
0.00	,1.00	
0.00	,1.00	
0.00	,1.00	
0.00	,1.00	
0.00	,1.00	
0.00	,1.00	
0.00	,1.00	
0.00	,1.00	
0.00	,1.00	
0.00	,1.00	
0.00	,1.00	
0.00	,1.00	
0.00	,1.00	
0.00	,1.00	
0.00	,1.00	
0.00	,1.00	
0.00	,1.00	
0.00	,1.00	
0.00	,1.00	
0.00	,1.00	
0.00	,1.00	
0.00	,1.00	
0.00	,1.00	
0.00	,1.00	
0.00	,1.00	
0.00	,1.00	
0.00	,1.00	
0.00	,1.00	
0.00	,1.00	
0.00	,1.00	
0.00	,1.00	
0.00	,1.00	
0.00	,1.00	
0.00	,1.00	
0.00	,1.00	
0.00	,1.00	
0.00	,1.00	
0.00	,1.00	
0.00	,1.00	
0.00	,1.00	
0.00	,1.00	
0.00	,1.00	
0.00	,1.00	
0.00	,1.00	
0.00	,1.00	
0.00	,1.00	
0.00	,1.00	
0.00	,1.00	
0.00	,1.00	
23.40	,0.11	
28.37	,0.11	
32.57	,0.11	
34.87	,0.11	
39.07	,0.11	
43.27	,0.12	
47.07	,0.12	
51.17	,0.12	
55.17	,0.12	
59.17	,0.13	
63.17	,0.13	
67.17	,0.13	
71.17	,0.14	
75.17	,0.14	
79.27	,0.15	
83.17	,0.16	
87.17	,0.17	
91.17	,0.20	
95.17	,0.23	
99.27	,0.28	
102.17	,0.34	
105.27	,0.44	
108.17	,0.60	
111.27	,0.93	
114.17	,1.76	
117.17	,5.22	
120.17	,36.80	
123.17	,811.16	
126.27	,6672.07	
128.97	,7348.04	
132.17	,9110.99	
135.27	,11804.13	
138.07	,15424.98	
141.17	,21702.29	
144.17	,31014.20	
147.07	,46032.84	
0.00	,1.00	
0.00	,1.00	
0.00	,1.00	
0.00	,1.00	
0.00	,1.00	
0.00	,1.00	
0.00	,1.00	
0.00	,1.00	
0.00	,1.00	
0.00	,1.00	
0.00	,1.00	
0.00	,1.00	
0.00	,1.00	
0.00	,1.00	
0.00	,1.00	
0.00	,1.00	
0.00	,1.00	
0.00	,1.00	
0.00	,1.00	
0.00	,1.00	
0.00	,1.00	
0.00	,1.00	
0.00	,1.00	
0.00	,1.00	
0.00	,1.00	
0.00	,1.00	
0.00	,1.00	
0.00	,1.00	
0.00	,1.00	
0.00	,1.00	
0.00	,1.00	
0.00	,1.00	
0.00	,1.00	
0.00	,1.00	
0.00	,1.00	
0.00	,1.00	
0.00	,1.00	
0.00	,1.00	
0.00	,1.00	
0.00	,1.00	
0.00	,1.00	
0.00	,1.00	
0.00	,1.00	
0.00	,1.00	
0.00	,1.00	
0.00	,1.00	
0.00	,1.00	
0.00	,1.00	
0.00	,1.00	
0.00	,1.00	
0.00	,1.00	
0.00	,1.00	
0.00	,1.00	
0.00	,1.00	
0.00	,1.00	
0.00	,1.00	
0.00	,1.00	
0.00	,1.00	
0.00	,1.00	
0.00	,1.00	
0.00	,1.00	
0.00	,1.00	
0.00	,1.00	
0.00	,1.00	
0.00	,1.00	
0.00	,1.00	
0.00	,1.00	
0.00	,1.00	
0.00	,1.00	
0.00	,1.00	
0.00	,1.00	
0.00	,1.00	
0.00	,1.00	
0.00	,1.00	
0.00	,1.00	
0.00	,1.00	
0.00	,1.00	
0.00	,1.00	
0.00	,1.00	
0.00	,1.00	
0.00	,1.00	
0.00	,1.00	
0.00	,1.00	
0.00	,1.00	
0.00	,1.00	
0.00	,1.00	
0.00	,1.00	
0.00	,1.00	
0.00	,1.00	
0.00	,1.00	
0.00	,1.00	
0.00	,1.00	
0.00	,1.00	
0.00	,1.00	
0.00	,1.00	
0.00	,1.00	
0.00	,1.00	
0.00	,1.00	
0.00	,1.00	
0.00	,1.00	
0.00	,1.00	
0.00	,1.00	
0.00	,1.00	
0.00	,1.00	
0.00	,1.00	
0.00	,1.00	
0.00	,1.00	
0.00	,1.00	
0.00	,1.00	
0.00	,1.00	
0.00	,1.00	
0.00	,1.00	
0.00	,1.00	
0.00	,1.00	
0.00	,1.00	
0.00	,1.00	
0.00	,1.00	
0.00	,1.00	
0.00	,1.00	
0.00	,1.00	
0.00	,1.00	
0.00	,1.00	
0.00	,1.00	
0.00	,1.00	
0.00	,1.00	
0.00	,1.00	
0.00	,1.00	
0.00	,1.00	
0.00	,1.00	
0.00	,1.00	
0.00	,1.00	
0.00	,1.00	
0.00	,1.00	
0.00	,1.00	
0.00	,1.00	
0.00	,1.00	
0.00	,1.00	
0.00	,1.00	
0.00	,1.00	
0.00	,1.00	
0.00	,1.00	
0.00	,1.00	
0.00	,1.00	
0.00	,1.00	
0.00	,1.00	
0.00	,1.00	
0.00	,1.00	
0.00	,1.00	
0.00	,1.00	
0.00	,1.00	
0.00	,1.00	
0.00	,1.00	
0.00	,1.00	
0.00	,1.00	
0.00	,1.00	
0.00	,1.00	
0.00	,1.00	
0.00	,1.00	
0.00	,1.00	
0.00	,1.00	
0.00	,1.00	
0.00	,1.00	
0.00	,1.00	
0.00	,1.00	
23.40	,5.21	
28.37	,5.33	
32.57	,5.40	
34.87	,5.45	
39.07	,5.58	
43.27	,5.73	
47.07	,5.88	
51.17	,6.09	
55.17	,6.31	
59.17	,6.58	
63.17	,6.89	
67.17	,7.31	
71.17	,7.81	
75.17	,8.42	
79.27	,9.29	
83.17	,10.36	
87.17	,11.88	
91.17	,14.14	
95.17	,17.40	
99.27	,22.79	
102.17	,29.32	
105.27	,39.29	
108.17	,56.77	
111.27	,90.46	
114.17	,192.78	
117.17	,638.32	
120.17	,5461.67	
123.17	,60231.46	
126.27	,90211.15	
128.97	,104262.48	
132.17	,128343.20	
135.27	,162891.73	
138.07	,204579.86	
141.17	,274419.03	
144.17	,368492.81	
147.07	,499035.06	
0.00	,1.00	
0.00	,1.00	
0.00	,1.00	
0.00	,1.00	
0.00	,1.00	
0.00	,1.00	
0.00	,1.00	
0.00	,1.00	
0.00	,1.00	
0.00	,1.00	
0.00	,1.00	
0.00	,1.00	
0.00	,1.00	
0.00	,1.00	
0.00	,1.00	
0.00	,1.00	
0.00	,1.00	
0.00	,1.00	
0.00	,1.00	
0.00	,1.00	
0.00	,1.00	
0.00	,1.00	
0.00	,1.00	
0.00	,1.00	
0.00	,1.00	
0.00	,1.00	
0.00	,1.00	
0.00	,1.00	
0.00	,1.00	
0.00	,1.00	
0.00	,1.00	
0.00	,1.00	
0.00	,1.00	
0.00	,1.00	
0.00	,1.00	
0.00	,1.00	
0.00	,1.00	
0.00	,1.00	
0.00	,1.00	
0.00	,1.00	
0.00	,1.00	
0.00	,1.00	
0.00	,1.00	
0.00	,1.00	
0.00	,1.00	
0.00	,1.00	
0.00	,1.00	
0.00	,1.00	
0.00	,1.00	
0.00	,1.00	
0.00	,1.00	
0.00	,1.00	
0.00	,1.00	
0.00	,1.00	
0.00	,1.00	
0.00	,1.00	
0.00	,1.00	
0.00	,1.00	
0.00	,1.00	
0.00	,1.00	
0.00	,1.00	
0.00	,1.00	
0.00	,1.00	
0.00	,1.00	
0.00	,1.00	
0.00	,1.00	
0.00	,1.00	
0.00	,1.00	
0.00	,1.00	
0.00	,1.00	
0.00	,1.00	
0.00	,1.00	
0.00	,1.00	
0.00	,1.00	
0.00	,1.00	
0.00	,1.00	
0.00	,1.00	
0.00	,1.00	
0.00	,1.00	
0.00	,1.00	
0.00	,1.00	
0.00	,1.00	
0.00	,1.00	
0.00	,1.00	
0.00	,1.00	
0.00	,1.00	
0.00	,1.00	
0.00	,1.00	
0.00	,1.00	
0.00	,1.00	
0.00	,1.00	
0.00	,1.00	
0.00	,1.00	
0.00	,1.00	
0.00	,1.00	
0.00	,1.00	
0.00	,1.00	
0.00	,1.00	
0.00	,1.00	
0.00	,1.00	
0.00	,1.00	
0.00	,1.00	
0.00	,1.00	
0.00	,1.00	
0.00	,1.00	
0.00	,1.00	
0.00	,1.00	
0.00	,1.00	
0.00	,1.00	
0.00	,1.00	
0.00	,1.00	
0.00	,1.00	
0.00	,1.00	
0.00	,1.00	
0.00	,1.00	
0.00	,1.00	
0.00	,1.00	
0.00	,1.00	
0.00	,1.00	
0.00	,1.00	
0.00	,1.00	
0.00	,1.00	
0.00	,1.00	
0.00	,1.00	
0.00	,1.00	
0.00	,1.00	
0.00	,1.00	
0.00	,1.00	
0.00	,1.00	
0.00	,1.00	
0.00	,1.00	
0.00	,1.00	
0.00	,1.00	
0.00	,1.00	
0.00	,1.00	
0.00	,1.00	
0.00	,1.00	
0.00	,1.00	
0.00	,1.00	
0.00	,1.00	
0.00	,1.00	
0.00	,1.00	
0.00	,1.00	
0.00	,1.00	
0.00	,1.00	
0.00	,1.00	
0.00	,1.00	
0.00	,1.00	
0.00	,1.00	
0.00	,1.00	
0.00	,1.00	
0.00	,1.00	
0.00	,1.00	
0.00	,1.00	
0.00	,1.00	
0.00	,1.00	
0.00	,1.00	
0.00	,1.00	
0.00	,1.00	
0.00	,1.00	
0.00	,1.00	
0.00	,1.00	
0.00	,1.00	
0.00	,1.00	
23.40	,4.94	
28.37	,5.29	
32.57	,5.30	
34.87	,5.25	
39.07	,5.30	
43.27	,5.64	
47.07	,5.87	
51.17	,6.30	
55.17	,7.21	
59.17	,6.37	
63.17	,5.91	
67.17	,5.90	
71.17	,6.06	
75.17	,5.80	
79.27	,6.06	
83.17	,6.51	
87.17	,6.66	
91.17	,6.70	
95.17	,7.03	
99.27	,7.62	
102.17	,8.24	
105.27	,8.97	
108.17	,10.24	
111.27	,12.44	
114.17	,17.11	
117.17	,31.90	
120.17	,112.71	
123.17	,1025.79	
126.27	,8103.66	
128.97	,8869.72	
132.17	,9901.28	
135.27	,11392.16	
138.07	,13128.25	
141.17	,15663.53	
144.17	,18901.42	
147.07	,23235.61	
0.00	,1.00	
0.00	,1.00	
0.00	,1.00	
0.00	,1.00	
0.00	,1.00	
0.00	,1.00	
0.00	,1.00	
0.00	,1.00	
0.00	,1.00	
0.00	,1.00	
0.00	,1.00	
0.00	,1.00	
0.00	,1.00	
0.00	,1.00	
0.00	,1.00	
0.00	,1.00	
0.00	,1.00	
0.00	,1.00	
0.00	,1.00	
0.00	,1.00	
0.00	,1.00	
0.00	,1.00	
0.00	,1.00	
0.00	,1.00	
0.00	,1.00	
0.00	,1.00	
0.00	,1.00	
0.00	,1.00	
0.00	,1.00	
0.00	,1.00	
0.00	,1.00	
0.00	,1.00	
0.00	,1.00	
0.00	,1.00	
0.00	,1.00	
0.00	,1.00	
0.00	,1.00	
0.00	,1.00	
0.00	,1.00	
0.00	,1.00	
0.00	,1.00	
0.00	,1.00	
0.00	,1.00	
0.00	,1.00	
0.00	,1.00	
0.00	,1.00	
0.00	,1.00	
0.00	,1.00	
0.00	,1.00	
0.00	,1.00	
0.00	,1.00	
0.00	,1.00	
0.00	,1.00	
0.00	,1.00	
0.00	,1.00	
0.00	,1.00	
0.00	,1.00	
0.00	,1.00	
0.00	,1.00	
0.00	,1.00	
0.00	,1.00	
0.00	,1.00	
0.00	,1.00	
0.00	,1.00	
0.00	,1.00	
0.00	,1.00	
0.00	,1.00	
0.00	,1.00	
0.00	,1.00	
0.00	,1.00	
0.00	,1.00	
0.00	,1.00	
0.00	,1.00	
0.00	,1.00	
0.00	,1.00	
0.00	,1.00	
0.00	,1.00	
0.00	,1.00	
0.00	,1.00	
0.00	,1.00	
0.00	,1.00	
0.00	,1.00	
0.00	,1.00	
0.00	,1.00	
0.00	,1.00	
0.00	,1.00	
0.00	,1.00	
0.00	,1.00	
0.00	,1.00	
0.00	,1.00	
0.00	,1.00	
0.00	,1.00	
0.00	,1.00	
0.00	,1.00	
0.00	,1.00	
0.00	,1.00	
0.00	,1.00	
0.00	,1.00	
0.00	,1.00	
0.00	,1.00	
0.00	,1.00	
0.00	,1.00	
0.00	,1.00	
0.00	,1.00	
0.00	,1.00	
0.00	,1.00	
0.00	,1.00	
0.00	,1.00	
0.00	,1.00	
0.00	,1.00	
0.00	,1.00	
0.00	,1.00	
0.00	,1.00	
0.00	,1.00	
0.00	,1.00	
0.00	,1.00	
0.00	,1.00	
0.00	,1.00	
0.00	,1.00	
0.00	,1.00	
0.00	,1.00	
0.00	,1.00	
0.00	,1.00	
0.00	,1.00	
0.00	,1.00	
0.00	,1.00	
0.00	,1.00	
0.00	,1.00	
0.00	,1.00	
0.00	,1.00	
0.00	,1.00	
0.00	,1.00	
0.00	,1.00	
0.00	,1.00	
0.00	,1.00	
0.00	,1.00	
0.00	,1.00	
0.00	,1.00	
0.00	,1.00	
0.00	,1.00	
0.00	,1.00	
0.00	,1.00	
0.00	,1.00	
0.00	,1.00	
0.00	,1.00	
0.00	,1.00	
0.00	,1.00	
0.00	,1.00	
0.00	,1.00	
0.00	,1.00	
0.00	,1.00	
0.00	,1.00	
0.00	,1.00	
0.00	,1.00	
0.00	,1.00	
0.00	,1.00	
0.00	,1.00	
0.00	,1.00	
0.00	,1.00	
0.00	,1.00	
0.00	,1.00	
0.00	,1.00	
0.00	,1.00	
0.00	,1.00	
23.40	,0.07	
28.37	,0.07	
32.57	,0.07	
34.87	,0.08	
39.07	,0.08	
43.27	,0.08	
47.07	,0.08	
51.17	,0.08	
55.17	,0.09	
59.17	,0.09	
63.17	,0.09	
67.17	,0.10	
71.17	,0.10	
75.17	,0.11	
79.27	,0.12	
83.17	,0.13	
87.17	,0.13	
91.17	,0.14	
95.17	,0.16	
99.27	,0.18	
102.17	,0.22	
105.27	,0.25	
108.17	,0.27	
111.27	,0.30	
114.17	,0.35	
117.17	,0.49	
120.17	,1.08	
123.17	,9.76	
126.27	,335.43	
128.97	,1097.65	
132.17	,1254.39	
135.27	,1351.64	
138.07	,1470.81	
141.17	,1660.82	
144.17	,1896.60	
147.07	,2186.60	
0.00	,1.00	
0.00	,1.00	
0.00	,1.00	
0.00	,1.00	
0.00	,1.00	
0.00	,1.00	
0.00	,1.00	
0.00	,1.00	
0.00	,1.00	
0.00	,1.00	
0.00	,1.00	
0.00	,1.00	
0.00	,1.00	
0.00	,1.00	
0.00	,1.00	
0.00	,1.00	
0.00	,1.00	
0.00	,1.00	
0.00	,1.00	
0.00	,1.00	
0.00	,1.00	
0.00	,1.00	
0.00	,1.00	
0.00	,1.00	
0.00	,1.00	
0.00	,1.00	
0.00	,1.00	
0.00	,1.00	
0.00	,1.00	
0.00	,1.00	
0.00	,1.00	
0.00	,1.00	
0.00	,1.00	
0.00	,1.00	
0.00	,1.00	
0.00	,1.00	
0.00	,1.00	
0.00	,1.00	
0.00	,1.00	
0.00	,1.00	
0.00	,1.00	
0.00	,1.00	
0.00	,1.00	
0.00	,1.00	
0.00	,1.00	
0.00	,1.00	
0.00	,1.00	
0.00	,1.00	
0.00	,1.00	
0.00	,1.00	
0.00	,1.00	
0.00	,1.00	
0.00	,1.00	
0.00	,1.00	
0.00	,1.00	
0.00	,1.00	
0.00	,1.00	
0.00	,1.00	
0.00	,1.00	
0.00	,1.00	
0.00	,1.00	
0.00	,1.00	
0.00	,1.00	
0.00	,1.00	
0.00	,1.00	
0.00	,1.00	
0.00	,1.00	
0.00	,1.00	
0.00	,1.00	
0.00	,1.00	
0.00	,1.00	
0.00	,1.00	
0.00	,1.00	
0.00	,1.00	
0.00	,1.00	
0.00	,1.00	
0.00	,1.00	
0.00	,1.00	
0.00	,1.00	
0.00	,1.00	
0.00	,1.00	
0.00	,1.00	
0.00	,1.00	
0.00	,1.00	
0.00	,1.00	
0.00	,1.00	
0.00	,1.00	
0.00	,1.00	
0.00	,1.00	
0.00	,1.00	
0.00	,1.00	
0.00	,1.00	
0.00	,1.00	
0.00	,1.00	
0.00	,1.00	
0.00	,1.00	
0.00	,1.00	
0.00	,1.00	
0.00	,1.00	
0.00	,1.00	
0.00	,1.00	
0.00	,1.00	
0.00	,1.00	
0.00	,1.00	
0.00	,1.00	
0.00	,1.00	
0.00	,1.00	
0.00	,1.00	
0.00	,1.00	
0.00	,1.00	
0.00	,1.00	
0.00	,1.00	
0.00	,1.00	
0.00	,1.00	
0.00	,1.00	
0.00	,1.00	
0.00	,1.00	
0.00	,1.00	
0.00	,1.00	
0.00	,1.00	
0.00	,1.00	
0.00	,1.00	
0.00	,1.00	
0.00	,1.00	
0.00	,1.00	
0.00	,1.00	
0.00	,1.00	
0.00	,1.00	
0.00	,1.00	
0.00	,1.00	
0.00	,1.00	
0.00	,1.00	
0.00	,1.00	
0.00	,1.00	
0.00	,1.00	
0.00	,1.00	
0.00	,1.00	
0.00	,1.00	
0.00	,1.00	
0.00	,1.00	
0.00	,1.00	
0.00	,1.00	
0.00	,1.00	
0.00	,1.00	
0.00	,1.00	
0.00	,1.00	
0.00	,1.00	
0.00	,1.00	
0.00	,1.00	
0.00	,1.00	
0.00	,1.00	
0.00	,1.00	
0.00	,1.00	
0.00	,1.00	
0.00	,1.00	
0.00	,1.00	
0.00	,1.00	
0.00	,1.00	
0.00	,1.00	
0.00	,1.00	
0.00	,1.00	
0.00	,1.00	
0.00	,1.00	
0.00	,1.00	
23.40	,-431602080.00	
28.20	,1.00	
32.40	,1.00	
34.70	,1.00	
38.90	,1.00	
43.10	,1.00	
46.90	,1.00	
51.00	,1.00	
55.00	,1.00	
59.00	,1.00	
63.00	,1.00	
67.00	,1.00	
71.00	,1.00	
75.00	,1.00	
79.10	,1.00	
83.00	,1.00	
87.00	,1.00	
91.00	,1.00	
95.00	,1.00	
99.10	,1.00	
102.00	,1.00	
105.10	,1.00	
108.00	,1.00	
111.10	,1.00	
114.00	,1.00	
117.00	,1.00	
120.00	,1.00	
123.00	,1.00	
126.10	,1.00	
128.80	,1.00	
132.00	,1.00	
135.10	,1.00	
137.90	,1.00	
141.00	,1.00	
144.00	,1.00	
146.90	,1.00	
0.00	,1.00	
0.00	,1.00	
0.00	,1.00	
0.00	,1.00	
0.00	,1.00	
0.00	,1.00	
0.00	,1.00	
0.00	,1.00	
0.00	,1.00	
0.00	,1.00	
0.00	,1.00	
0.00	,1.00	
0.00	,1.00	
0.00	,1.00	
0.00	,1.00	
0.00	,1.00	
0.00	,1.00	
0.00	,1.00	
0.00	,1.00	
0.00	,1.00	
0.00	,1.00	
0.00	,1.00	
0.00	,1.00	
0.00	,1.00	
0.00	,1.00	
0.00	,1.00	
0.00	,1.00	
0.00	,1.00	
0.00	,1.00	
0.00	,1.00	
0.00	,1.00	
0.00	,1.00	
0.00	,1.00	
0.00	,1.00	
0.00	,1.00	
0.00	,1.00	
0.00	,1.00	
0.00	,1.00	
0.00	,1.00	
0.00	,1.00	
0.00	,1.00	
0.00	,1.00	
0.00	,1.00	
0.00	,1.00	
0.00	,1.00	
0.00	,1.00	
0.00	,1.00	
0.00	,1.00	
0.00	,1.00	
0.00	,1.00	
0.00	,1.00	
0.00	,1.00	
0.00	,1.00	
0.00	,1.00	
0.00	,1.00	
0.00	,1.00	
0.00	,1.00	
0.00	,1.00	
0.00	,1.00	
0.00	,1.00	
0.00	,1.00	
0.00	,1.00	
0.00	,1.00	
0.00	,1.00	
0.00	,1.00	
0.00	,1.00	
0.00	,1.00	
0.00	,1.00	
0.00	,1.00	
0.00	,1.00	
0.00	,1.00	
0.00	,1.00	
0.00	,1.00	
0.00	,1.00	
0.00	,1.00	
0.00	,1.00	
0.00	,1.00	
0.00	,1.00	
0.00	,1.00	
0.00	,1.00	
0.00	,1.00	
0.00	,1.00	
0.00	,1.00	
0.00	,1.00	
0.00	,1.00	
0.00	,1.00	
0.00	,1.00	
0.00	,1.00	
0.00	,1.00	
0.00	,1.00	
0.00	,1.00	
0.00	,1.00	
0.00	,1.00	
0.00	,1.00	
0.00	,1.00	
0.00	,1.00	
0.00	,1.00	
0.00	,1.00	
0.00	,1.00	
0.00	,1.00	
0.00	,1.00	
0.00	,1.00	
0.00	,1.00	
0.00	,1.00	
0.00	,1.00	
0.00	,1.00	
0.00	,1.00	
0.00	,1.00	
0.00	,1.00	
0.00	,1.00	
0.00	,1.00	
0.00	,1.00	
0.00	,1.00	
0.00	,1.00	
0.00	,1.00	
0.00	,1.00	
0.00	,1.00	
0.00	,1.00	
0.00	,1.00	
0.00	,1.00	
0.00	,1.00	
0.00	,1.00	
0.00	,1.00	
0.00	,1.00	
0.00	,1.00	
0.00	,1.00	
0.00	,1.00	
0.00	,1.00	
0.00	,1.00	
0.00	,1.00	
0.00	,1.00	
0.00	,1.00	
0.00	,1.00	
0.00	,1.00	
0.00	,1.00	
0.00	,1.00	
0.00	,1.00	
0.00	,1.00	
0.00	,1.00	
0.00	,1.00	
0.00	,1.00	
0.00	,1.00	
0.00	,1.00	
0.00	,1.00	
0.00	,1.00	
0.00	,1.00	
0.00	,1.00	
0.00	,1.00	
0.00	,1.00	
0.00	,1.00	
0.00	,1.00	
0.00	,1.00	
0.00	,1.00	
0.00	,1.00	
0.00	,1.00	
0.00	,1.00	
0.00	,1.00	
0.00	,1.00	
0.00	,1.00	
0.00	,1.00	
0.00	,1.00	
0.00	,1.00	
0.00	,1.00	
0.00	,1.00	
23.40	,-431602080.00	
28.20	,1.00	
32.40	,1.00	
34.70	,1.00	
38.90	,1.00	
43.10	,1.00	
46.90	,1.00	
51.00	,1.00	
55.00	,1.00	
59.00	,1.00	
63.00	,1.00	
67.00	,1.00	
71.00	,1.00	
75.00	,1.00	
79.10	,1.00	
83.00	,1.00	
87.00	,1.00	
91.00	,1.00	
95.00	,1.00	
99.10	,1.00	
102.00	,1.00	
105.10	,1.00	
108.00	,1.00	
111.10	,1.00	
114.00	,1.00	
117.00	,1.00	
120.00	,1.00	
123.00	,1.00	
126.10	,1.00	
128.80	,1.00	
132.00	,1.00	
135.10	,1.00	
137.90	,1.00	
141.00	,1.00	
144.00	,1.00	
146.90	,1.00	
0.00	,1.00	
0.00	,1.00	
0.00	,1.00	
0.00	,1.00	
0.00	,1.00	
0.00	,1.00	
0.00	,1.00	
0.00	,1.00	
0.00	,1.00	
0.00	,1.00	
0.00	,1.00	
0.00	,1.00	
0.00	,1.00	
0.00	,1.00	
0.00	,1.00	
0.00	,1.00	
0.00	,1.00	
0.00	,1.00	
0.00	,1.00	
0.00	,1.00	
0.00	,1.00	
0.00	,1.00	
0.00	,1.00	
0.00	,1.00	
0.00	,1.00	
0.00	,1.00	
0.00	,1.00	
0.00	,1.00	
0.00	,1.00	
0.00	,1.00	
0.00	,1.00	
0.00	,1.00	
0.00	,1.00	
0.00	,1.00	
0.00	,1.00	
0.00	,1.00	
0.00	,1.00	
0.00	,1.00	
0.00	,1.00	
0.00	,1.00	
0.00	,1.00	
0.00	,1.00	
0.00	,1.00	
0.00	,1.00	
0.00	,1.00	
0.00	,1.00	
0.00	,1.00	
0.00	,1.00	
0.00	,1.00	
0.00	,1.00	
0.00	,1.00	
0.00	,1.00	
0.00	,1.00	
0.00	,1.00	
0.00	,1.00	
0.00	,1.00	
0.00	,1.00	
0.00	,1.00	
0.00	,1.00	
0.00	,1.00	
0.00	,1.00	
0.00	,1.00	
0.00	,1.00	
0.00	,1.00	
0.00	,1.00	
0.00	,1.00	
0.00	,1.00	
0.00	,1.00	
0.00	,1.00	
0.00	,1.00	
0.00	,1.00	
0.00	,1.00	
0.00	,1.00	
0.00	,1.00	
0.00	,1.00	
0.00	,1.00	
0.00	,1.00	
0.00	,1.00	
0.00	,1.00	
0.00	,1.00	
0.00	,1.00	
0.00	,1.00	
0.00	,1.00	
0.00	,1.00	
0.00	,1.00	
0.00	,1.00	
0.00	,1.00	
0.00	,1.00	
0.00	,1.00	
0.00	,1.00	
0.00	,1.00	
0.00	,1.00	
0.00	,1.00	
0.00	,1.00	
0.00	,1.00	
0.00	,1.00	
0.00	,1.00	
0.00	,1.00	
0.00	,1.00	
0.00	,1.00	
0.00	,1.00	
0.00	,1.00	
0.00	,1.00	
0.00	,1.00	
0.00	,1.00	
0.00	,1.00	
0.00	,1.00	
0.00	,1.00	
0.00	,1.00	
0.00	,1.00	
0.00	,1.00	
0.00	,1.00	
0.00	,1.00	
0.00	,1.00	
0.00	,1.00	
0.00	,1.00	
0.00	,1.00	
0.00	,1.00	
0.00	,1.00	
0.00	,1.00	
0.00	,1.00	
0.00	,1.00	
0.00	,1.00	
0.00	,1.00	
0.00	,1.00	
0.00	,1.00	
0.00	,1.00	
0.00	,1.00	
0.00	,1.00	
0.00	,1.00	
0.00	,1.00	
0.00	,1.00	
0.00	,1.00	
0.00	,1.00	
0.00	,1.00	
0.00	,1.00	
0.00	,1.00	
0.00	,1.00	
0.00	,1.00	
0.00	,1.00	
0.00	,1.00	
0.00	,1.00	
0.00	,1.00	
0.00	,1.00	
0.00	,1.00	
0.00	,1.00	
0.00	,1.00	
0.00	,1.00	
0.00	,1.00	
0.00	,1.00	
0.00	,1.00	
0.00	,1.00	
0.00	,1.00	
0.00	,1.00	
0.00	,1.00	
0.00	,1.00	
0.00	,1.00	
0.00	,1.00	
0.00	,1.00	
0.00	,1.00	
0.00	,1.00	
0.00	,1.00	
0.00	,1.00	
0.00	,1.00	
23.40	,-431602080.00	
28.20	,1.00	
32.40	,1.00	
34.70	,1.00	
38.90	,1.00	
43.10	,1.00	
46.90	,1.00	
51.00	,1.00	
55.00	,1.00	
59.00	,1.00	
63.00	,1.00	
67.00	,1.00	
71.00	,1.00	
75.00	,1.00	
79.10	,1.00	
83.00	,1.00	
87.00	,1.00	
91.00	,1.00	
95.00	,1.00	
99.10	,1.00	
102.00	,1.00	
105.10	,1.00	
108.00	,1.00	
111.10	,1.00	
114.00	,1.00	
117.00	,1.00	
120.00	,1.00	
123.00	,1.00	
126.10	,1.00	
128.80	,1.00	
132.00	,1.00	
135.10	,1.00	
137.90	,1.00	
141.00	,1.00	
144.00	,1.00	
146.90	,1.00	
0.00	,1.00	
0.00	,1.00	
0.00	,1.00	
0.00	,1.00	
0.00	,1.00	
0.00	,1.00	
0.00	,1.00	
0.00	,1.00	
0.00	,1.00	
0.00	,1.00	
0.00	,1.00	
0.00	,1.00	
0.00	,1.00	
0.00	,1.00	
0.00	,1.00	
0.00	,1.00	
0.00	,1.00	
0.00	,1.00	
0.00	,1.00	
0.00	,1.00	
0.00	,1.00	
0.00	,1.00	
0.00	,1.00	
0.00	,1.00	
0.00	,1.00	
0.00	,1.00	
0.00	,1.00	
0.00	,1.00	
0.00	,1.00	
0.00	,1.00	
0.00	,1.00	
0.00	,1.00	
0.00	,1.00	
0.00	,1.00	
0.00	,1.00	
0.00	,1.00	
0.00	,1.00	
0.00	,1.00	
0.00	,1.00	
0.00	,1.00	
0.00	,1.00	
0.00	,1.00	
0.00	,1.00	
0.00	,1.00	
0.00	,1.00	
0.00	,1.00	
0.00	,1.00	
0.00	,1.00	
0.00	,1.00	
0.00	,1.00	
0.00	,1.00	
0.00	,1.00	
0.00	,1.00	
0.00	,1.00	
0.00	,1.00	
0.00	,1.00	
0.00	,1.00	
0.00	,1.00	
0.00	,1.00	
0.00	,1.00	
0.00	,1.00	
0.00	,1.00	
0.00	,1.00	
0.00	,1.00	
0.00	,1.00	
0.00	,1.00	
0.00	,1.00	
0.00	,1.00	
0.00	,1.00	
0.00	,1.00	
0.00	,1.00	
0.00	,1.00	
0.00	,1.00	
0.00	,1.00	
0.00	,1.00	
0.00	,1.00	
0.00	,1.00	
0.00	,1.00	
0.00	,1.00	
0.00	,1.00	
0.00	,1.00	
0.00	,1.00	
0.00	,1.00	
0.00	,1.00	
0.00	,1.00	
0.00	,1.00	
0.00	,1.00	
0.00	,1.00	
0.00	,1.00	
0.00	,1.00	
0.00	,1.00	
0.00	,1.00	
0.00	,1.00	
0.00	,1.00	
0.00	,1.00	
0.00	,1.00	
0.00	,1.00	
0.00	,1.00	
0.00	,1.00	
0.00	,1.00	
0.00	,1.00	
0.00	,1.00	
0.00	,1.00	
0.00	,1.00	
0.00	,1.00	
0.00	,1.00	
0.00	,1.00	
0.00	,1.00	
0.00	,1.00	
0.00	,1.00	
0.00	,1.00	
0.00	,1.00	
0.00	,1.00	
0.00	,1.00	
0.00	,1.00	
0.00	,1.00	
0.00	,1.00	
0.00	,1.00	
0.00	,1.00	
0.00	,1.00	
0.00	,1.00	
0.00	,1.00	
0.00	,1.00	
0.00	,1.00	
0.00	,1.00	
0.00	,1.00	
0.00	,1.00	
0.00	,1.00	
0.00	,1.00	
0.00	,1.00	
0.00	,1.00	
0.00	,1.00	
0.00	,1.00	
0.00	,1.00	
0.00	,1.00	
0.00	,1.00	
0.00	,1.00	
0.00	,1.00	
0.00	,1.00	
0.00	,1.00	
0.00	,1.00	
0.00	,1.00	
0.00	,1.00	
0.00	,1.00	
0.00	,1.00	
0.00	,1.00	
0.00	,1.00	
0.00	,1.00	
0.00	,1.00	
0.00	,1.00	
0.00	,1.00	
0.00	,1.00	
0.00	,1.00	
0.00	,1.00	
0.00	,1.00	
0.00	,1.00	
0.00	,1.00	
0.00	,1.00	
0.00	,1.00	
0.00	,1.00	
0.00	,1.00	
0.00	,1.00	
0.00	,1.00	
0.00	,1.00	
23.40	,-431602080.00	
28.20	,1.00	
32.40	,1.00	
34.70	,1.00	
38.90	,1.00	
43.10	,1.00	
46.90	,1.00	
51.00	,1.00	
55.00	,1.00	
59.00	,1.00	
63.00	,1.00	
67.00	,1.00	
71.00	,1.00	
75.00	,1.00	
79.10	,1.00	
83.00	,1.00	
87.00	,1.00	
91.00	,1.00	
95.00	,1.00	
99.10	,1.00	
102.00	,1.00	
105.10	,1.00	
108.00	,1.00	
111.10	,1.00	
114.00	,1.00	
117.00	,1.00	
120.00	,1.00	
123.00	,1.00	
126.10	,1.00	
128.80	,1.00	
132.00	,1.00	
135.10	,1.00	
137.90	,1.00	
141.00	,1.00	
144.00	,1.00	
146.90	,1.00	
0.00	,1.00	
0.00	,1.00	
0.00	,1.00	
0.00	,1.00	
0.00	,1.00	
0.00	,1.00	
0.00	,1.00	
0.00	,1.00	
0.00	,1.00	
0.00	,1.00	
0.00	,1.00	
0.00	,1.00	
0.00	,1.00	
0.00	,1.00	
0.00	,1.00	
0.00	,1.00	
0.00	,1.00	
0.00	,1.00	
0.00	,1.00	
0.00	,1.00	
0.00	,1.00	
0.00	,1.00	
0.00	,1.00	
0.00	,1.00	
0.00	,1.00	
0.00	,1.00	
0.00	,1.00	
0.00	,1.00	
0.00	,1.00	
0.00	,1.00	
0.00	,1.00	
0.00	,1.00	
0.00	,1.00	
0.00	,1.00	
0.00	,1.00	
0.00	,1.00	
0.00	,1.00	
0.00	,1.00	
0.00	,1.00	
0.00	,1.00	
0.00	,1.00	
0.00	,1.00	
0.00	,1.00	
0.00	,1.00	
0.00	,1.00	
0.00	,1.00	
0.00	,1.00	
0.00	,1.00	
0.00	,1.00	
0.00	,1.00	
0.00	,1.00	
0.00	,1.00	
0.00	,1.00	
0.00	,1.00	
0.00	,1.00	
0.00	,1.00	
0.00	,1.00	
0.00	,1.00	
0.00	,1.00	
0.00	,1.00	
0.00	,1.00	
0.00	,1.00	
0.00	,1.00	
0.00	,1.00	
0.00	,1.00	
0.00	,1.00	
0.00	,1.00	
0.00	,1.00	
0.00	,1.00	
0.00	,1.00	
0.00	,1.00	
0.00	,1.00	
0.00	,1.00	
0.00	,1.00	
0.00	,1.00	
0.00	,1.00	
0.00	,1.00	
0.00	,1.00	
0.00	,1.00	
0.00	,1.00	
0.00	,1.00	
0.00	,1.00	
0.00	,1.00	
0.00	,1.00	
0.00	,1.00	
0.00	,1.00	
0.00	,1.00	
0.00	,1.00	
0.00	,1.00	
0.00	,1.00	
0.00	,1.00	
0.00	,1.00	
0.00	,1.00	
0.00	,1.00	
0.00	,1.00	
0.00	,1.00	
0.00	,1.00	
0.00	,1.00	
0.00	,1.00	
0.00	,1.00	
0.00	,1.00	
0.00	,1.00	
0.00	,1.00	
0.00	,1.00	
0.00	,1.00	
0.00	,1.00	
0.00	,1.00	
0.00	,1.00	
0.00	,1.00	
0.00	,1.00	
0.00	,1.00	
0.00	,1.00	
0.00	,1.00	
0.00	,1.00	
0.00	,1.00	
0.00	,1.00	
0.00	,1.00	
0.00	,1.00	
0.00	,1.00	
0.00	,1.00	
0.00	,1.00	
0.00	,1.00	
0.00	,1.00	
0.00	,1.00	
0.00	,1.00	
0.00	,1.00	
0.00	,1.00	
0.00	,1.00	
0.00	,1.00	
0.00	,1.00	
0.00	,1.00	
0.00	,1.00	
0.00	,1.00	
0.00	,1.00	
0.00	,1.00	
0.00	,1.00	
0.00	,1.00	
0.00	,1.00	
0.00	,1.00	
0.00	,1.00	
0.00	,1.00	
0.00	,1.00	
0.00	,1.00	
0.00	,1.00	
0.00	,1.00	
0.00	,1.00	
0.00	,1.00	
0.00	,1.00	
0.00	,1.00	
0.00	,1.00	
0.00	,1.00	
0.00	,1.00	
0.00	,1.00	
0.00	,1.00	
0.00	,1.00	
0.00	,1.00	
0.00	,1.00	
0.00	,1.00	
0.00	,1.00	
0.00	,1.00	
0.00	,1.00	
0.00	,1.00	
0.00	,1.00	
0.00	,1.00	
23.40	,-431602080.00	
28.20	,1.00	
32.40	,1.00	
34.70	,1.00	
38.90	,1.00	
43.10	,1.00	
46.90	,1.00	
51.00	,1.00	
55.00	,1.00	
59.00	,1.00	
63.00	,1.00	
67.00	,1.00	
71.00	,1.00	
75.00	,1.00	
79.10	,1.00	
83.00	,1.00	
87.00	,1.00	
91.00	,1.00	
95.00	,1.00	
99.10	,1.00	
102.00	,1.00	
105.10	,1.00	
108.00	,1.00	
111.10	,1.00	
114.00	,1.00	
117.00	,1.00	
120.00	,1.00	
123.00	,1.00	
126.10	,1.00	
128.80	,1.00	
132.00	,1.00	
135.10	,1.00	
137.90	,1.00	
141.00	,1.00	
144.00	,1.00	
146.90	,1.00	
0.00	,1.00	
0.00	,1.00	
0.00	,1.00	
0.00	,1.00	
0.00	,1.00	
0.00	,1.00	
0.00	,1.00	
0.00	,1.00	
0.00	,1.00	
0.00	,1.00	
0.00	,1.00	
0.00	,1.00	
0.00	,1.00	
0.00	,1.00	
0.00	,1.00	
0.00	,1.00	
0.00	,1.00	
0.00	,1.00	
0.00	,1.00	
0.00	,1.00	
0.00	,1.00	
0.00	,1.00	
0.00	,1.00	
0.00	,1.00	
0.00	,1.00	
0.00	,1.00	
0.00	,1.00	
0.00	,1.00	
0.00	,1.00	
0.00	,1.00	
0.00	,1.00	
0.00	,1.00	
0.00	,1.00	
0.00	,1.00	
0.00	,1.00	
0.00	,1.00	
0.00	,1.00	
0.00	,1.00	
0.00	,1.00	
0.00	,1.00	
0.00	,1.00	
0.00	,1.00	
0.00	,1.00	
0.00	,1.00	
0.00	,1.00	
0.00	,1.00	
0.00	,1.00	
0.00	,1.00	
0.00	,1.00	
0.00	,1.00	
0.00	,1.00	
0.00	,1.00	
0.00	,1.00	
0.00	,1.00	
0.00	,1.00	
0.00	,1.00	
0.00	,1.00	
0.00	,1.00	
0.00	,1.00	
0.00	,1.00	
0.00	,1.00	
0.00	,1.00	
0.00	,1.00	
0.00	,1.00	
0.00	,1.00	
0.00	,1.00	
0.00	,1.00	
0.00	,1.00	
0.00	,1.00	
0.00	,1.00	
0.00	,1.00	
0.00	,1.00	
0.00	,1.00	
0.00	,1.00	
0.00	,1.00	
0.00	,1.00	
0.00	,1.00	
0.00	,1.00	
0.00	,1.00	
0.00	,1.00	
0.00	,1.00	
0.00	,1.00	
0.00	,1.00	
0.00	,1.00	
0.00	,1.00	
0.00	,1.00	
0.00	,1.00	
0.00	,1.00	
0.00	,1.00	
0.00	,1.00	
0.00	,1.00	
0.00	,1.00	
0.00	,1.00	
0.00	,1.00	
0.00	,1.00	
0.00	,1.00	
0.00	,1.00	
0.00	,1.00	
0.00	,1.00	
0.00	,1.00	
0.00	,1.00	
0.00	,1.00	
0.00	,1.00	
0.00	,1.00	
0.00	,1.00	
0.00	,1.00	
0.00	,1.00	
0.00	,1.00	
0.00	,1.00	
0.00	,1.00	
0.00	,1.00	
0.00	,1.00	
0.00	,1.00	
0.00	,1.00	
0.00	,1.00	
0.00	,1.00	
0.00	,1.00	
0.00	,1.00	
0.00	,1.00	
0.00	,1.00	
0.00	,1.00	
0.00	,1.00	
0.00	,1.00	
0.00	,1.00	
0.00	,1.00	
0.00	,1.00	
0.00	,1.00	
0.00	,1.00	
0.00	,1.00	
0.00	,1.00	
0.00	,1.00	
0.00	,1.00	
0.00	,1.00	
0.00	,1.00	
0.00	,1.00	
0.00	,1.00	
0.00	,1.00	
0.00	,1.00	
0.00	,1.00	
0.00	,1.00	
0.00	,1.00	
0.00	,1.00	
0.00	,1.00	
0.00	,1.00	
0.00	,1.00	
0.00	,1.00	
0.00	,1.00	
0.00	,1.00	
0.00	,1.00	
0.00	,1.00	
0.00	,1.00	
0.00	,1.00	
0.00	,1.00	
0.00	,1.00	
0.00	,1.00	
0.00	,1.00	
0.00	,1.00	
0.00	,1.00	
0.00	,1.00	
0.00	,1.00	
0.00	,1.00	
0.00	,1.00	
0.00	,1.00	
0.00	,1.00	
23.40	,-431602080.00	
28.20	,1.00	
32.40	,1.00	
34.70	,1.00	
38.90	,1.00	
43.10	,1.00	
46.90	,1.00	
51.00	,1.00	
55.00	,1.00	
59.00	,1.00	
63.00	,1.00	
67.00	,1.00	
71.00	,1.00	
75.00	,1.00	
79.10	,1.00	
83.00	,1.00	
87.00	,1.00	
91.00	,1.00	
95.00	,1.00	
99.10	,1.00	
102.00	,1.00	
105.10	,1.00	
108.00	,1.00	
111.10	,1.00	
114.00	,1.00	
117.00	,1.00	
120.00	,1.00	
123.00	,1.00	
126.10	,1.00	
128.80	,1.00	
132.00	,1.00	
135.10	,1.00	
137.90	,1.00	
141.00	,1.00	
144.00	,1.00	
146.90	,1.00	
0.00	,1.00	
0.00	,1.00	
0.00	,1.00	
0.00	,1.00	
0.00	,1.00	
0.00	,1.00	
0.00	,1.00	
0.00	,1.00	
0.00	,1.00	
0.00	,1.00	
0.00	,1.00	
0.00	,1.00	
0.00	,1.00	
0.00	,1.00	
0.00	,1.00	
0.00	,1.00	
0.00	,1.00	
0.00	,1.00	
0.00	,1.00	
0.00	,1.00	
0.00	,1.00	
0.00	,1.00	
0.00	,1.00	
0.00	,1.00	
0.00	,1.00	
0.00	,1.00	
0.00	,1.00	
0.00	,1.00	
0.00	,1.00	
0.00	,1.00	
0.00	,1.00	
0.00	,1.00	
0.00	,1.00	
0.00	,1.00	
0.00	,1.00	
0.00	,1.00	
0.00	,1.00	
0.00	,1.00	
0.00	,1.00	
0.00	,1.00	
0.00	,1.00	
0.00	,1.00	
0.00	,1.00	
0.00	,1.00	
0.00	,1.00	
0.00	,1.00	
0.00	,1.00	
0.00	,1.00	
0.00	,1.00	
0.00	,1.00	
0.00	,1.00	
0.00	,1.00	
0.00	,1.00	
0.00	,1.00	
0.00	,1.00	
0.00	,1.00	
0.00	,1.00	
0.00	,1.00	
0.00	,1.00	
0.00	,1.00	
0.00	,1.00	
0.00	,1.00	
0.00	,1.00	
0.00	,1.00	
0.00	,1.00	
0.00	,1.00	
0.00	,1.00	
0.00	,1.00	
0.00	,1.00	
0.00	,1.00	
0.00	,1.00	
0.00	,1.00	
0.00	,1.00	
0.00	,1.00	
0.00	,1.00	
0.00	,1.00	
0.00	,1.00	
0.00	,1.00	
0.00	,1.00	
0.00	,1.00	
0.00	,1.00	
0.00	,1.00	
0.00	,1.00	
0.00	,1.00	
0.00	,1.00	
0.00	,1.00	
0.00	,1.00	
0.00	,1.00	
0.00	,1.00	
0.00	,1.00	
0.00	,1.00	
0.00	,1.00	
0.00	,1.00	
0.00	,1.00	
0.00	,1.00	
0.00	,1.00	
0.00	,1.00	
0.00	,1.00	
0.00	,1.00	
0.00	,1.00	
0.00	,1.00	
0.00	,1.00	
0.00	,1.00	
0.00	,1.00	
0.00	,1.00	
0.00	,1.00	
0.00	,1.00	
0.00	,1.00	
0.00	,1.00	
0.00	,1.00	
0.00	,1.00	
0.00	,1.00	
0.00	,1.00	
0.00	,1.00	
0.00	,1.00	
0.00	,1.00	
0.00	,1.00	
0.00	,1.00	
0.00	,1.00	
0.00	,1.00	
0.00	,1.00	
0.00	,1.00	
0.00	,1.00	
0.00	,1.00	
0.00	,1.00	
0.00	,1.00	
0.00	,1.00	
0.00	,1.00	
0.00	,1.00	
0.00	,1.00	
0.00	,1.00	
0.00	,1.00	
0.00	,1.00	
0.00	,1.00	
0.00	,1.00	
0.00	,1.00	
0.00	,1.00	
0.00	,1.00	
0.00	,1.00	
0.00	,1.00	
0.00	,1.00	
0.00	,1.00	
0.00	,1.00	
0.00	,1.00	
0.00	,1.00	
0.00	,1.00	
0.00	,1.00	
0.00	,1.00	
0.00	,1.00	
0.00	,1.00	
0.00	,1.00	
0.00	,1.00	
0.00	,1.00	
0.00	,1.00	
0.00	,1.00	
0.00	,1.00	
0.00	,1.00	
0.00	,1.00	
0.00	,1.00	
0.00	,1.00	
0.00	,1.00	
0.00	,1.00	
0.00	,1.00	
0.00	,1.00	
23.40	,-431602080.00	
28.20	,1.00	
32.40	,1.00	
34.70	,1.00	
38.90	,1.00	
43.10	,1.00	
46.90	,1.00	
51.00	,1.00	
55.00	,1.00	
59.00	,1.00	
63.00	,1.00	
67.00	,1.00	
71.00	,1.00	
75.00	,1.00	
79.10	,1.00	
83.00	,1.00	
87.00	,1.00	
91.00	,1.00	
95.00	,1.00	
99.10	,1.00	
102.00	,1.00	
105.10	,1.00	
108.00	,1.00	
111.10	,1.00	
114.00	,1.00	
117.00	,1.00	
120.00	,1.00	
123.00	,1.00	
126.10	,1.00	
128.80	,1.00	
132.00	,1.00	
135.10	,1.00	
137.90	,1.00	
141.00	,1.00	
144.00	,1.00	
146.90	,1.00	
0.00	,1.00	
0.00	,1.00	
0.00	,1.00	
0.00	,1.00	
0.00	,1.00	
0.00	,1.00	
0.00	,1.00	
0.00	,1.00	
0.00	,1.00	
0.00	,1.00	
0.00	,1.00	
0.00	,1.00	
0.00	,1.00	
0.00	,1.00	
0.00	,1.00	
0.00	,1.00	
0.00	,1.00	
0.00	,1.00	
0.00	,1.00	
0.00	,1.00	
0.00	,1.00	
0.00	,1.00	
0.00	,1.00	
0.00	,1.00	
0.00	,1.00	
0.00	,1.00	
0.00	,1.00	
0.00	,1.00	
0.00	,1.00	
0.00	,1.00	
0.00	,1.00	
0.00	,1.00	
0.00	,1.00	
0.00	,1.00	
0.00	,1.00	
0.00	,1.00	
0.00	,1.00	
0.00	,1.00	
0.00	,1.00	
0.00	,1.00	
0.00	,1.00	
0.00	,1.00	
0.00	,1.00	
0.00	,1.00	
0.00	,1.00	
0.00	,1.00	
0.00	,1.00	
0.00	,1.00	
0.00	,1.00	
0.00	,1.00	
0.00	,1.00	
0.00	,1.00	
0.00	,1.00	
0.00	,1.00	
0.00	,1.00	
0.00	,1.00	
0.00	,1.00	
0.00	,1.00	
0.00	,1.00	
0.00	,1.00	
0.00	,1.00	
0.00	,1.00	
0.00	,1.00	
0.00	,1.00	
0.00	,1.00	
0.00	,1.00	
0.00	,1.00	
0.00	,1.00	
0.00	,1.00	
0.00	,1.00	
0.00	,1.00	
0.00	,1.00	
0.00	,1.00	
0.00	,1.00	
0.00	,1.00	
0.00	,1.00	
0.00	,1.00	
0.00	,1.00	
0.00	,1.00	
0.00	,1.00	
0.00	,1.00	
0.00	,1.00	
0.00	,1.00	
0.00	,1.00	
0.00	,1.00	
0.00	,1.00	
0.00	,1.00	
0.00	,1.00	
0.00	,1.00	
0.00	,1.00	
0.00	,1.00	
0.00	,1.00	
0.00	,1.00	
0.00	,1.00	
0.00	,1.00	
0.00	,1.00	
0.00	,1.00	
0.00	,1.00	
0.00	,1.00	
0.00	,1.00	
0.00	,1.00	
0.00	,1.00	
0.00	,1.00	
0.00	,1.00	
0.00	,1.00	
0.00	,1.00	
0.00	,1.00	
0.00	,1.00	
0.00	,1.00	
0.00	,1.00	
0.00	,1.00	
0.00	,1.00	
0.00	,1.00	
0.00	,1.00	
0.00	,1.00	
0.00	,1.00	
0.00	,1.00	
0.00	,1.00	
0.00	,1.00	
0.00	,1.00	
0.00	,1.00	
0.00	,1.00	
0.00	,1.00	
0.00	,1.00	
0.00	,1.00	
0.00	,1.00	
0.00	,1.00	
0.00	,1.00	
0.00	,1.00	
0.00	,1.00	
0.00	,1.00	
0.00	,1.00	
0.00	,1.00	
0.00	,1.00	
0.00	,1.00	
0.00	,1.00	
0.00	,1.00	
0.00	,1.00	
0.00	,1.00	
0.00	,1.00	
0.00	,1.00	
0.00	,1.00	
0.00	,1.00	
0.00	,1.00	
0.00	,1.00	
0.00	,1.00	
0.00	,1.00	
0.00	,1.00	
0.00	,1.00	
0.00	,1.00	
0.00	,1.00	
0.00	,1.00	
0.00	,1.00	
0.00	,1.00	
0.00	,1.00	
0.00	,1.00	
0.00	,1.00	
0.00	,1.00	
0.00	,1.00	
0.00	,1.00	
0.00	,1.00	
0.00	,1.00	
0.00	,1.00	
0.00	,1.00	
23.40	,-431602080.00	
28.20	,1.00	
32.40	,1.00	
34.70	,1.00	
38.90	,1.00	
43.10	,1.00	
46.90	,1.00	
51.00	,1.00	
55.00	,1.00	
59.00	,1.00	
63.00	,1.00	
67.00	,1.00	
71.00	,1.00	
75.00	,1.00	
79.10	,1.00	
83.00	,1.00	
87.00	,1.00	
91.00	,1.00	
95.00	,1.00	
99.10	,1.00	
102.00	,1.00	
105.10	,1.00	
108.00	,1.00	
111.10	,1.00	
114.00	,1.00	
117.00	,1.00	
120.00	,1.00	
123.00	,1.00	
126.10	,1.00	
128.80	,1.00	
132.00	,1.00	
135.10	,1.00	
137.90	,1.00	
141.00	,1.00	
144.00	,1.00	
146.90	,1.00	
0.00	,1.00	
0.00	,1.00	
0.00	,1.00	
0.00	,1.00	
0.00	,1.00	
0.00	,1.00	
0.00	,1.00	
0.00	,1.00	
0.00	,1.00	
0.00	,1.00	
0.00	,1.00	
0.00	,1.00	
0.00	,1.00	
0.00	,1.00	
0.00	,1.00	
0.00	,1.00	
0.00	,1.00	
0.00	,1.00	
0.00	,1.00	
0.00	,1.00	
0.00	,1.00	
0.00	,1.00	
0.00	,1.00	
0.00	,1.00	
0.00	,1.00	
0.00	,1.00	
0.00	,1.00	
0.00	,1.00	
0.00	,1.00	
0.00	,1.00	
0.00	,1.00	
0.00	,1.00	
0.00	,1.00	
0.00	,1.00	
0.00	,1.00	
0.00	,1.00	
0.00	,1.00	
0.00	,1.00	
0.00	,1.00	
0.00	,1.00	
0.00	,1.00	
0.00	,1.00	
0.00	,1.00	
0.00	,1.00	
0.00	,1.00	
0.00	,1.00	
0.00	,1.00	
0.00	,1.00	
0.00	,1.00	
0.00	,1.00	
0.00	,1.00	
0.00	,1.00	
0.00	,1.00	
0.00	,1.00	
0.00	,1.00	
0.00	,1.00	
0.00	,1.00	
0.00	,1.00	
0.00	,1.00	
0.00	,1.00	
0.00	,1.00	
0.00	,1.00	
0.00	,1.00	
0.00	,1.00	
0.00	,1.00	
0.00	,1.00	
0.00	,1.00	
0.00	,1.00	
0.00	,1.00	
0.00	,1.00	
0.00	,1.00	
0.00	,1.00	
0.00	,1.00	
0.00	,1.00	
0.00	,1.00	
0.00	,1.00	
0.00	,1.00	
0.00	,1.00	
0.00	,1.00	
0.00	,1.00	
0.00	,1.00	
0.00	,1.00	
0.00	,1.00	
0.00	,1.00	
0.00	,1.00	
0.00	,1.00	
0.00	,1.00	
0.00	,1.00	
0.00	,1.00	
0.00	,1.00	
0.00	,1.00	
0.00	,1.00	
0.00	,1.00	
0.00	,1.00	
0.00	,1.00	
0.00	,1.00	
0.00	,1.00	
0.00	,1.00	
0.00	,1.00	
0.00	,1.00	
0.00	,1.00	
0.00	,1.00	
0.00	,1.00	
0.00	,1.00	
0.00	,1.00	
0.00	,1.00	
0.00	,1.00	
0.00	,1.00	
0.00	,1.00	
0.00	,1.00	
0.00	,1.00	
0.00	,1.00	
0.00	,1.00	
0.00	,1.00	
0.00	,1.00	
0.00	,1.00	
0.00	,1.00	
0.00	,1.00	
0.00	,1.00	
0.00	,1.00	
0.00	,1.00	
0.00	,1.00	
0.00	,1.00	
0.00	,1.00	
0.00	,1.00	
0.00	,1.00	
0.00	,1.00	
0.00	,1.00	
0.00	,1.00	
0.00	,1.00	
0.00	,1.00	
0.00	,1.00	
0.00	,1.00	
0.00	,1.00	
0.00	,1.00	
0.00	,1.00	
0.00	,1.00	
0.00	,1.00	
0.00	,1.00	
0.00	,1.00	
0.00	,1.00	
0.00	,1.00	
0.00	,1.00	
0.00	,1.00	
0.00	,1.00	
0.00	,1.00	
0.00	,1.00	
0.00	,1.00	
0.00	,1.00	
0.00	,1.00	
0.00	,1.00	
0.00	,1.00	
0.00	,1.00	
0.00	,1.00	
0.00	,1.00	
0.00	,1.00	
0.00	,1.00	
0.00	,1.00	
0.00	,1.00	
0.00	,1.00	
0.00	,1.00	
0.00	,1.00	
0.00	,1.00	
0.00	,1.00	
23.40	,-431602080.00	
28.20	,1.00	
32.40	,1.00	
34.70	,1.00	
38.90	,1.00	
43.10	,1.00	
46.90	,1.00	
51.00	,1.00	
55.00	,1.00	
59.00	,1.00	
63.00	,1.00	
67.00	,1.00	
71.00	,1.00	
75.00	,1.00	
79.10	,1.00	
83.00	,1.00	
87.00	,1.00	
91.00	,1.00	
95.00	,1.00	
99.10	,1.00	
102.00	,1.00	
105.10	,1.00	
108.00	,1.00	
111.10	,1.00	
114.00	,1.00	
117.00	,1.00	
120.00	,1.00	
123.00	,1.00	
126.10	,1.00	
128.80	,1.00	
132.00	,1.00	
135.10	,1.00	
137.90	,1.00	
141.00	,1.00	
144.00	,1.00	
146.90	,1.00	
0.00	,1.00	
0.00	,1.00	
0.00	,1.00	
0.00	,1.00	
0.00	,1.00	
0.00	,1.00	
0.00	,1.00	
0.00	,1.00	
0.00	,1.00	
0.00	,1.00	
0.00	,1.00	
0.00	,1.00	
0.00	,1.00	
0.00	,1.00	
0.00	,1.00	
0.00	,1.00	
0.00	,1.00	
0.00	,1.00	
0.00	,1.00	
0.00	,1.00	
0.00	,1.00	
0.00	,1.00	
0.00	,1.00	
0.00	,1.00	
0.00	,1.00	
0.00	,1.00	
0.00	,1.00	
0.00	,1.00	
0.00	,1.00	
0.00	,1.00	
0.00	,1.00	
0.00	,1.00	
0.00	,1.00	
0.00	,1.00	
0.00	,1.00	
0.00	,1.00	
0.00	,1.00	
0.00	,1.00	
0.00	,1.00	
0.00	,1.00	
0.00	,1.00	
0.00	,1.00	
0.00	,1.00	
0.00	,1.00	
0.00	,1.00	
0.00	,1.00	
0.00	,1.00	
0.00	,1.00	
0.00	,1.00	
0.00	,1.00	
0.00	,1.00	
0.00	,1.00	
0.00	,1.00	
0.00	,1.00	
0.00	,1.00	
0.00	,1.00	
0.00	,1.00	
0.00	,1.00	
0.00	,1.00	
0.00	,1.00	
0.00	,1.00	
0.00	,1.00	
0.00	,1.00	
0.00	,1.00	
0.00	,1.00	
0.00	,1.00	
0.00	,1.00	
0.00	,1.00	
0.00	,1.00	
0.00	,1.00	
0.00	,1.00	
0.00	,1.00	
0.00	,1.00	
0.00	,1.00	
0.00	,1.00	
0.00	,1.00	
0.00	,1.00	
0.00	,1.00	
0.00	,1.00	
0.00	,1.00	
0.00	,1.00	
0.00	,1.00	
0.00	,1.00	
0.00	,1.00	
0.00	,1.00	
0.00	,1.00	
0.00	,1.00	
0.00	,1.00	
0.00	,1.00	
0.00	,1.00	
0.00	,1.00	
0.00	,1.00	
0.00	,1.00	
0.00	,1.00	
0.00	,1.00	
0.00	,1.00	
0.00	,1.00	
0.00	,1.00	
0.00	,1.00	
0.00	,1.00	
0.00	,1.00	
0.00	,1.00	
0.00	,1.00	
0.00	,1.00	
0.00	,1.00	
0.00	,1.00	
0.00	,1.00	
0.00	,1.00	
0.00	,1.00	
0.00	,1.00	
0.00	,1.00	
0.00	,1.00	
0.00	,1.00	
0.00	,1.00	
0.00	,1.00	
0.00	,1.00	
0.00	,1.00	
0.00	,1.00	
0.00	,1.00	
0.00	,1.00	
0.00	,1.00	
0.00	,1.00	
0.00	,1.00	
0.00	,1.00	
0.00	,1.00	
0.00	,1.00	
0.00	,1.00	
0.00	,1.00	
0.00	,1.00	
0.00	,1.00	
0.00	,1.00	
0.00	,1.00	
0.00	,1.00	
0.00	,1.00	
0.00	,1.00	
0.00	,1.00	
0.00	,1.00	
0.00	,1.00	
0.00	,1.00	
0.00	,1.00	
0.00	,1.00	
0.00	,1.00	
0.00	,1.00	
0.00	,1.00	
0.00	,1.00	
0.00	,1.00	
0.00	,1.00	
0.00	,1.00	
0.00	,1.00	
0.00	,1.00	
0.00	,1.00	
0.00	,1.00	
0.00	,1.00	
0.00	,1.00	
0.00	,1.00	
0.00	,1.00	
0.00	,1.00	
0.00	,1.00	
0.00	,1.00	
0.00	,1.00	
0.00	,1.00	
0.00	,1.00	
0.00	,1.00	
0.00	,1.00	
23.40	,-431602080.00	
28.20	,1.00	
32.40	,1.00	
34.70	,1.00	
38.90	,1.00	
43.10	,1.00	
46.90	,1.00	
51.00	,1.00	
55.00	,1.00	
59.00	,1.00	
63.00	,1.00	
67.00	,1.00	
71.00	,1.00	
75.00	,1.00	
79.10	,1.00	
83.00	,1.00	
87.00	,1.00	
91.00	,1.00	
95.00	,1.00	
99.10	,1.00	
102.00	,1.00	
105.10	,1.00	
108.00	,1.00	
111.10	,1.00	
114.00	,1.00	
117.00	,1.00	
120.00	,1.00	
123.00	,1.00	
126.10	,1.00	
128.80	,1.00	
132.00	,1.00	
135.10	,1.00	
137.90	,1.00	
141.00	,1.00	
144.00	,1.00	
146.90	,1.00	
0.00	,1.00	
0.00	,1.00	
0.00	,1.00	
0.00	,1.00	
0.00	,1.00	
0.00	,1.00	
0.00	,1.00	
0.00	,1.00	
0.00	,1.00	
0.00	,1.00	
0.00	,1.00	
0.00	,1.00	
0.00	,1.00	
0.00	,1.00	
0.00	,1.00	
0.00	,1.00	
0.00	,1.00	
0.00	,1.00	
0.00	,1.00	
0.00	,1.00	
0.00	,1.00	
0.00	,1.00	
0.00	,1.00	
0.00	,1.00	
0.00	,1.00	
0.00	,1.00	
0.00	,1.00	
0.00	,1.00	
0.00	,1.00	
0.00	,1.00	
0.00	,1.00	
0.00	,1.00	
0.00	,1.00	
0.00	,1.00	
0.00	,1.00	
0.00	,1.00	
0.00	,1.00	
0.00	,1.00	
0.00	,1.00	
0.00	,1.00	
0.00	,1.00	
0.00	,1.00	
0.00	,1.00	
0.00	,1.00	
0.00	,1.00	
0.00	,1.00	
0.00	,1.00	
0.00	,1.00	
0.00	,1.00	
0.00	,1.00	
0.00	,1.00	
0.00	,1.00	
0.00	,1.00	
0.00	,1.00	
0.00	,1.00	
0.00	,1.00	
0.00	,1.00	
0.00	,1.00	
0.00	,1.00	
0.00	,1.00	
0.00	,1.00	
0.00	,1.00	
0.00	,1.00	
0.00	,1.00	
0.00	,1.00	
0.00	,1.00	
0.00	,1.00	
0.00	,1.00	
0.00	,1.00	
0.00	,1.00	
0.00	,1.00	
0.00	,1.00	
0.00	,1.00	
0.00	,1.00	
0.00	,1.00	
0.00	,1.00	
0.00	,1.00	
0.00	,1.00	
0.00	,1.00	
0.00	,1.00	
0.00	,1.00	
0.00	,1.00	
0.00	,1.00	
0.00	,1.00	
0.00	,1.00	
0.00	,1.00	
0.00	,1.00	
0.00	,1.00	
0.00	,1.00	
0.00	,1.00	
0.00	,1.00	
0.00	,1.00	
0.00	,1.00	
0.00	,1.00	
0.00	,1.00	
0.00	,1.00	
0.00	,1.00	
0.00	,1.00	
0.00	,1.00	
0.00	,1.00	
0.00	,1.00	
0.00	,1.00	
0.00	,1.00	
0.00	,1.00	
0.00	,1.00	
0.00	,1.00	
0.00	,1.00	
0.00	,1.00	
0.00	,1.00	
0.00	,1.00	
0.00	,1.00	
0.00	,1.00	
0.00	,1.00	
0.00	,1.00	
0.00	,1.00	
0.00	,1.00	
0.00	,1.00	
0.00	,1.00	
0.00	,1.00	
0.00	,1.00	
0.00	,1.00	
0.00	,1.00	
0.00	,1.00	
0.00	,1.00	
0.00	,1.00	
0.00	,1.00	
0.00	,1.00	
0.00	,1.00	
0.00	,1.00	
0.00	,1.00	
0.00	,1.00	
0.00	,1.00	
0.00	,1.00	
0.00	,1.00	
0.00	,1.00	
0.00	,1.00	
0.00	,1.00	
0.00	,1.00	
0.00	,1.00	
0.00	,1.00	
0.00	,1.00	
0.00	,1.00	
0.00	,1.00	
0.00	,1.00	
0.00	,1.00	
0.00	,1.00	
0.00	,1.00	
0.00	,1.00	
0.00	,1.00	
0.00	,1.00	
0.00	,1.00	
0.00	,1.00	
0.00	,1.00	
0.00	,1.00	
0.00	,1.00	
0.00	,1.00	
0.00	,1.00	
0.00	,1.00	
0.00	,1.00	
0.00	,1.00	
0.00	,1.00	
0.00	,1.00	
0.00	,1.00	
0.00	,1.00	
23.40	,-431602080.00	
28.20	,1.00	
32.40	,1.00	
34.70	,1.00	
38.90	,1.00	
43.10	,1.00	
46.90	,1.00	
51.00	,1.00	
55.00	,1.00	
59.00	,1.00	
63.00	,1.00	
67.00	,1.00	
71.00	,1.00	
75.00	,1.00	
79.10	,1.00	
83.00	,1.00	
87.00	,1.00	
91.00	,1.00	
95.00	,1.00	
99.10	,1.00	
102.00	,1.00	
105.10	,1.00	
108.00	,1.00	
111.10	,1.00	
114.00	,1.00	
117.00	,1.00	
120.00	,1.00	
123.00	,1.00	
126.10	,1.00	
128.80	,1.00	
132.00	,1.00	
135.10	,1.00	
137.90	,1.00	
141.00	,1.00	
144.00	,1.00	
146.90	,1.00	
0.00	,1.00	
0.00	,1.00	
0.00	,1.00	
0.00	,1.00	
0.00	,1.00	
0.00	,1.00	
0.00	,1.00	
0.00	,1.00	
0.00	,1.00	
0.00	,1.00	
0.00	,1.00	
0.00	,1.00	
0.00	,1.00	
0.00	,1.00	
0.00	,1.00	
0.00	,1.00	
0.00	,1.00	
0.00	,1.00	
0.00	,1.00	
0.00	,1.00	
0.00	,1.00	
0.00	,1.00	
0.00	,1.00	
0.00	,1.00	
0.00	,1.00	
0.00	,1.00	
0.00	,1.00	
0.00	,1.00	
0.00	,1.00	
0.00	,1.00	
0.00	,1.00	
0.00	,1.00	
0.00	,1.00	
0.00	,1.00	
0.00	,1.00	
0.00	,1.00	
0.00	,1.00	
0.00	,1.00	
0.00	,1.00	
0.00	,1.00	
0.00	,1.00	
0.00	,1.00	
0.00	,1.00	
0.00	,1.00	
0.00	,1.00	
0.00	,1.00	
0.00	,1.00	
0.00	,1.00	
0.00	,1.00	
0.00	,1.00	
0.00	,1.00	
0.00	,1.00	
0.00	,1.00	
0.00	,1.00	
0.00	,1.00	
0.00	,1.00	
0.00	,1.00	
0.00	,1.00	
0.00	,1.00	
0.00	,1.00	
0.00	,1.00	
0.00	,1.00	
0.00	,1.00	
0.00	,1.00	
0.00	,1.00	
0.00	,1.00	
0.00	,1.00	
0.00	,1.00	
0.00	,1.00	
0.00	,1.00	
0.00	,1.00	
0.00	,1.00	
0.00	,1.00	
0.00	,1.00	
0.00	,1.00	
0.00	,1.00	
0.00	,1.00	
0.00	,1.00	
0.00	,1.00	
0.00	,1.00	
0.00	,1.00	
0.00	,1.00	
0.00	,1.00	
0.00	,1.00	
0.00	,1.00	
0.00	,1.00	
0.00	,1.00	
0.00	,1.00	
0.00	,1.00	
0.00	,1.00	
0.00	,1.00	
0.00	,1.00	
0.00	,1.00	
0.00	,1.00	
0.00	,1.00	
0.00	,1.00	
0.00	,1.00	
0.00	,1.00	
0.00	,1.00	
0.00	,1.00	
0.00	,1.00	
0.00	,1.00	
0.00	,1.00	
0.00	,1.00	
0.00	,1.00	
0.00	,1.00	
0.00	,1.00	
0.00	,1.00	
0.00	,1.00	
0.00	,1.00	
0.00	,1.00	
0.00	,1.00	
0.00	,1.00	
0.00	,1.00	
0.00	,1.00	
0.00	,1.00	
0.00	,1.00	
0.00	,1.00	
0.00	,1.00	
0.00	,1.00	
0.00	,1.00	
0.00	,1.00	
0.00	,1.00	
0.00	,1.00	
0.00	,1.00	
0.00	,1.00	
0.00	,1.00	
0.00	,1.00	
0.00	,1.00	
0.00	,1.00	
0.00	,1.00	
0.00	,1.00	
0.00	,1.00	
0.00	,1.00	
0.00	,1.00	
0.00	,1.00	
0.00	,1.00	
0.00	,1.00	
0.00	,1.00	
0.00	,1.00	
0.00	,1.00	
0.00	,1.00	
0.00	,1.00	
0.00	,1.00	
0.00	,1.00	
0.00	,1.00	
0.00	,1.00	
0.00	,1.00	
0.00	,1.00	
0.00	,1.00	
0.00	,1.00	
0.00	,1.00	
0.00	,1.00	
0.00	,1.00	
0.00	,1.00	
0.00	,1.00	
0.00	,1.00	
0.00	,1.00	
0.00	,1.00	
0.00	,1.00	
0.00	,1.00	
0.00	,1.00	
0.00	,1.00	
0.00	,1.00	
23.40	,-431602080.00	
28.20	,1.00	
32.40	,1.00	
34.70	,1.00	
38.90	,1.00	
43.10	,1.00	
46.90	,1.00	
51.00	,1.00	
55.00	,1.00	
59.00	,1.00	
63.00	,1.00	
67.00	,1.00	
71.00	,1.00	
75.00	,1.00	
79.10	,1.00	
83.00	,1.00	
87.00	,1.00	
91.00	,1.00	
95.00	,1.00	
99.10	,1.00	
102.00	,1.00	
105.10	,1.00	
108.00	,1.00	
111.10	,1.00	
114.00	,1.00	
117.00	,1.00	
120.00	,1.00	
123.00	,1.00	
126.10	,1.00	
128.80	,1.00	
132.00	,1.00	
135.10	,1.00	
137.90	,1.00	
141.00	,1.00	
144.00	,1.00	
146.90	,1.00	
0.00	,1.00	
0.00	,1.00	
0.00	,1.00	
0.00	,1.00	
0.00	,1.00	
0.00	,1.00	
0.00	,1.00	
0.00	,1.00	
0.00	,1.00	
0.00	,1.00	
0.00	,1.00	
0.00	,1.00	
0.00	,1.00	
0.00	,1.00	
0.00	,1.00	
0.00	,1.00	
0.00	,1.00	
0.00	,1.00	
0.00	,1.00	
0.00	,1.00	
0.00	,1.00	
0.00	,1.00	
0.00	,1.00	
0.00	,1.00	
0.00	,1.00	
0.00	,1.00	
0.00	,1.00	
0.00	,1.00	
0.00	,1.00	
0.00	,1.00	
0.00	,1.00	
0.00	,1.00	
0.00	,1.00	
0.00	,1.00	
0.00	,1.00	
0.00	,1.00	
0.00	,1.00	
0.00	,1.00	
0.00	,1.00	
0.00	,1.00	
0.00	,1.00	
0.00	,1.00	
0.00	,1.00	
0.00	,1.00	
0.00	,1.00	
0.00	,1.00	
0.00	,1.00	
0.00	,1.00	
0.00	,1.00	
0.00	,1.00	
0.00	,1.00	
0.00	,1.00	
0.00	,1.00	
0.00	,1.00	
0.00	,1.00	
0.00	,1.00	
0.00	,1.00	
0.00	,1.00	
0.00	,1.00	
0.00	,1.00	
0.00	,1.00	
0.00	,1.00	
0.00	,1.00	
0.00	,1.00	
0.00	,1.00	
0.00	,1.00	
0.00	,1.00	
0.00	,1.00	
0.00	,1.00	
0.00	,1.00	
0.00	,1.00	
0.00	,1.00	
0.00	,1.00	
0.00	,1.00	
0.00	,1.00	
0.00	,1.00	
0.00	,1.00	
0.00	,1.00	
0.00	,1.00	
0.00	,1.00	
0.00	,1.00	
0.00	,1.00	
0.00	,1.00	
0.00	,1.00	
0.00	,1.00	
0.00	,1.00	
0.00	,1.00	
0.00	,1.00	
0.00	,1.00	
0.00	,1.00	
0.00	,1.00	
0.00	,1.00	
0.00	,1.00	
0.00	,1.00	
0.00	,1.00	
0.00	,1.00	
0.00	,1.00	
0.00	,1.00	
0.00	,1.00	
0.00	,1.00	
0.00	,1.00	
0.00	,1.00	
0.00	,1.00	
0.00	,1.00	
0.00	,1.00	
0.00	,1.00	
0.00	,1.00	
0.00	,1.00	
0.00	,1.00	
0.00	,1.00	
0.00	,1.00	
0.00	,1.00	
0.00	,1.00	
0.00	,1.00	
0.00	,1.00	
0.00	,1.00	
0.00	,1.00	
0.00	,1.00	
0.00	,1.00	
0.00	,1.00	
0.00	,1.00	
0.00	,1.00	
0.00	,1.00	
0.00	,1.00	
0.00	,1.00	
0.00	,1.00	
0.00	,1.00	
0.00	,1.00	
0.00	,1.00	
0.00	,1.00	
0.00	,1.00	
0.00	,1.00	
0.00	,1.00	
0.00	,1.00	
0.00	,1.00	
0.00	,1.00	
0.00	,1.00	
0.00	,1.00	
0.00	,1.00	
0.00	,1.00	
0.00	,1.00	
0.00	,1.00	
0.00	,1.00	
0.00	,1.00	
0.00	,1.00	
0.00	,1.00	
0.00	,1.00	
0.00	,1.00	
0.00	,1.00	
0.00	,1.00	
0.00	,1.00	
0.00	,1.00	
0.00	,1.00	
0.00	,1.00	
0.00	,1.00	
0.00	,1.00	
0.00	,1.00	
0.00	,1.00	
0.00	,1.00	
0.00	,1.00	
0.00	,1.00	
0.00	,1.00	
0.00	,1.00	
0.00	,1.00	
23.40	,-431602080.00	
28.20	,1.00	
32.40	,1.00	
34.70	,1.00	
38.90	,1.00	
43.10	,1.00	
46.90	,1.00	
51.00	,1.00	
55.00	,1.00	
59.00	,1.00	
63.00	,1.00	
67.00	,1.00	
71.00	,1.00	
75.00	,1.00	
79.10	,1.00	
83.00	,1.00	
87.00	,1.00	
91.00	,1.00	
95.00	,1.00	
99.10	,1.00	
102.00	,1.00	
105.10	,1.00	
108.00	,1.00	
111.10	,1.00	
114.00	,1.00	
117.00	,1.00	
120.00	,1.00	
123.00	,1.00	
126.10	,1.00	
128.80	,1.00	
132.00	,1.00	
135.10	,1.00	
137.90	,1.00	
141.00	,1.00	
144.00	,1.00	
146.90	,1.00	
0.00	,1.00	
0.00	,1.00	
0.00	,1.00	
0.00	,1.00	
0.00	,1.00	
0.00	,1.00	
0.00	,1.00	
0.00	,1.00	
0.00	,1.00	
0.00	,1.00	
0.00	,1.00	
0.00	,1.00	
0.00	,1.00	
0.00	,1.00	
0.00	,1.00	
0.00	,1.00	
0.00	,1.00	
0.00	,1.00	
0.00	,1.00	
0.00	,1.00	
0.00	,1.00	
0.00	,1.00	
0.00	,1.00	
0.00	,1.00	
0.00	,1.00	
0.00	,1.00	
0.00	,1.00	
0.00	,1.00	
0.00	,1.00	
0.00	,1.00	
0.00	,1.00	
0.00	,1.00	
0.00	,1.00	
0.00	,1.00	
0.00	,1.00	
0.00	,1.00	
0.00	,1.00	
0.00	,1.00	
0.00	,1.00	
0.00	,1.00	
0.00	,1.00	
0.00	,1.00	
0.00	,1.00	
0.00	,1.00	
0.00	,1.00	
0.00	,1.00	
0.00	,1.00	
0.00	,1.00	
0.00	,1.00	
0.00	,1.00	
0.00	,1.00	
0.00	,1.00	
0.00	,1.00	
0.00	,1.00	
0.00	,1.00	
0.00	,1.00	
0.00	,1.00	
0.00	,1.00	
0.00	,1.00	
0.00	,1.00	
0.00	,1.00	
0.00	,1.00	
0.00	,1.00	
0.00	,1.00	
0.00	,1.00	
0.00	,1.00	
0.00	,1.00	
0.00	,1.00	
0.00	,1.00	
0.00	,1.00	
0.00	,1.00	
0.00	,1.00	
0.00	,1.00	
0.00	,1.00	
0.00	,1.00	
0.00	,1.00	
0.00	,1.00	
0.00	,1.00	
0.00	,1.00	
0.00	,1.00	
0.00	,1.00	
0.00	,1.00	
0.00	,1.00	
0.00	,1.00	
0.00	,1.00	
0.00	,1.00	
0.00	,1.00	
0.00	,1.00	
0.00	,1.00	
0.00	,1.00	
0.00	,1.00	
0.00	,1.00	
0.00	,1.00	
0.00	,1.00	
0.00	,1.00	
0.00	,1.00	
0.00	,1.00	
0.00	,1.00	
0.00	,1.00	
0.00	,1.00	
0.00	,1.00	
0.00	,1.00	
0.00	,1.00	
0.00	,1.00	
0.00	,1.00	
0.00	,1.00	
0.00	,1.00	
0.00	,1.00	
0.00	,1.00	
0.00	,1.00	
0.00	,1.00	
0.00	,1.00	
0.00	,1.00	
0.00	,1.00	
0.00	,1.00	
0.00	,1.00	
0.00	,1.00	
0.00	,1.00	
0.00	,1.00	
0.00	,1.00	
0.00	,1.00	
0.00	,1.00	
0.00	,1.00	
0.00	,1.00	
0.00	,1.00	
0.00	,1.00	
0.00	,1.00	
0.00	,1.00	
0.00	,1.00	
0.00	,1.00	
0.00	,1.00	
0.00	,1.00	
0.00	,1.00	
0.00	,1.00	
0.00	,1.00	
0.00	,1.00	
0.00	,1.00	
0.00	,1.00	
0.00	,1.00	
0.00	,1.00	
0.00	,1.00	
0.00	,1.00	
0.00	,1.00	
0.00	,1.00	
0.00	,1.00	
0.00	,1.00	
0.00	,1.00	
0.00	,1.00	
0.00	,1.00	
0.00	,1.00	
0.00	,1.00	
0.00	,1.00	
0.00	,1.00	
0.00	,1.00	
0.00	,1.00	
0.00	,1.00	
0.00	,1.00	
0.00	,1.00	
0.00	,1.00	
0.00	,1.00	
0.00	,1.00	
0.00	,1.00	
0.00	,1.00	
0.00	,1.00	
23.40	,-431602080.00	
28.20	,1.00	
32.40	,1.00	
34.70	,1.00	
38.90	,1.00	
43.10	,1.00	
46.90	,1.00	
51.00	,1.00	
55.00	,1.00	
59.00	,1.00	
63.00	,1.00	
67.00	,1.00	
71.00	,1.00	
75.00	,1.00	
79.10	,1.00	
83.00	,1.00	
87.00	,1.00	
91.00	,1.00	
95.00	,1.00	
99.10	,1.00	
102.00	,1.00	
105.10	,1.00	
108.00	,1.00	
111.10	,1.00	
114.00	,1.00	
117.00	,1.00	
120.00	,1.00	
123.00	,1.00	
126.10	,1.00	
128.80	,1.00	
132.00	,1.00	
135.10	,1.00	
137.90	,1.00	
141.00	,1.00	
144.00	,1.00	
146.90	,1.00	
0.00	,1.00	
0.00	,1.00	
0.00	,1.00	
0.00	,1.00	
0.00	,1.00	
0.00	,1.00	
0.00	,1.00	
0.00	,1.00	
0.00	,1.00	
0.00	,1.00	
0.00	,1.00	
0.00	,1.00	
0.00	,1.00	
0.00	,1.00	
0.00	,1.00	
0.00	,1.00	
0.00	,1.00	
0.00	,1.00	
0.00	,1.00	
0.00	,1.00	
0.00	,1.00	
0.00	,1.00	
0.00	,1.00	
0.00	,1.00	
0.00	,1.00	
0.00	,1.00	
0.00	,1.00	
0.00	,1.00	
0.00	,1.00	
0.00	,1.00	
0.00	,1.00	
0.00	,1.00	
0.00	,1.00	
0.00	,1.00	
0.00	,1.00	
0.00	,1.00	
0.00	,1.00	
0.00	,1.00	
0.00	,1.00	
0.00	,1.00	
0.00	,1.00	
0.00	,1.00	
0.00	,1.00	
0.00	,1.00	
0.00	,1.00	
0.00	,1.00	
0.00	,1.00	
0.00	,1.00	
0.00	,1.00	
0.00	,1.00	
0.00	,1.00	
0.00	,1.00	
0.00	,1.00	
0.00	,1.00	
0.00	,1.00	
0.00	,1.00	
0.00	,1.00	
0.00	,1.00	
0.00	,1.00	
0.00	,1.00	
0.00	,1.00	
0.00	,1.00	
0.00	,1.00	
0.00	,1.00	
0.00	,1.00	
0.00	,1.00	
0.00	,1.00	
0.00	,1.00	
0.00	,1.00	
0.00	,1.00	
0.00	,1.00	
0.00	,1.00	
0.00	,1.00	
0.00	,1.00	
0.00	,1.00	
0.00	,1.00	
0.00	,1.00	
0.00	,1.00	
0.00	,1.00	
0.00	,1.00	
0.00	,1.00	
0.00	,1.00	
0.00	,1.00	
0.00	,1.00	
0.00	,1.00	
0.00	,1.00	
0.00	,1.00	
0.00	,1.00	
0.00	,1.00	
0.00	,1.00	
0.00	,1.00	
0.00	,1.00	
0.00	,1.00	
0.00	,1.00	
0.00	,1.00	
0.00	,1.00	
0.00	,1.00	
0.00	,1.00	
0.00	,1.00	
0.00	,1.00	
0.00	,1.00	
0.00	,1.00	
0.00	,1.00	
0.00	,1.00	
0.00	,1.00	
0.00	,1.00	
0.00	,1.00	
0.00	,1.00	
0.00	,1.00	
0.00	,1.00	
0.00	,1.00	
0.00	,1.00	
0.00	,1.00	
0.00	,1.00	
0.00	,1.00	
0.00	,1.00	
0.00	,1.00	
0.00	,1.00	
0.00	,1.00	
0.00	,1.00	
0.00	,1.00	
0.00	,1.00	
0.00	,1.00	
0.00	,1.00	
0.00	,1.00	
0.00	,1.00	
0.00	,1.00	
0.00	,1.00	
0.00	,1.00	
0.00	,1.00	
0.00	,1.00	
0.00	,1.00	
0.00	,1.00	
0.00	,1.00	
0.00	,1.00	
0.00	,1.00	
0.00	,1.00	
0.00	,1.00	
0.00	,1.00	
0.00	,1.00	
0.00	,1.00	
0.00	,1.00	
0.00	,1.00	
0.00	,1.00	
0.00	,1.00	
0.00	,1.00	
0.00	,1.00	
0.00	,1.00	
0.00	,1.00	
0.00	,1.00	
0.00	,1.00	
0.00	,1.00	
0.00	,1.00	
0.00	,1.00	
0.00	,1.00	
0.00	,1.00	
0.00	,1.00	
0.00	,1.00	
0.00	,1.00	
0.00	,1.00	
0.00	,1.00	
0.00	,1.00	
0.00	,1.00	
0.00	,1.00	
23.40	,-431602080.00	
28.20	,1.00	
32.40	,1.00	
34.70	,1.00	
38.90	,1.00	
43.10	,1.00	
46.90	,1.00	
51.00	,1.00	
55.00	,1.00	
59.00	,1.00	
63.00	,1.00	
67.00	,1.00	
71.00	,1.00	
75.00	,1.00	
79.10	,1.00	
83.00	,1.00	
87.00	,1.00	
91.00	,1.00	
95.00	,1.00	
99.10	,1.00	
102.00	,1.00	
105.10	,1.00	
108.00	,1.00	
111.10	,1.00	
114.00	,1.00	
117.00	,1.00	
120.00	,1.00	
123.00	,1.00	
126.10	,1.00	
128.80	,1.00	
132.00	,1.00	
135.10	,1.00	
137.90	,1.00	
141.00	,1.00	
144.00	,1.00	
146.90	,1.00	
0.00	,1.00	
0.00	,1.00	
0.00	,1.00	
0.00	,1.00	
0.00	,1.00	
0.00	,1.00	
0.00	,1.00	
0.00	,1.00	
0.00	,1.00	
0.00	,1.00	
0.00	,1.00	
0.00	,1.00	
0.00	,1.00	
0.00	,1.00	
0.00	,1.00	
0.00	,1.00	
0.00	,1.00	
0.00	,1.00	
0.00	,1.00	
0.00	,1.00	
0.00	,1.00	
0.00	,1.00	
0.00	,1.00	
0.00	,1.00	
0.00	,1.00	
0.00	,1.00	
0.00	,1.00	
0.00	,1.00	
0.00	,1.00	
0.00	,1.00	
0.00	,1.00	
0.00	,1.00	
0.00	,1.00	
0.00	,1.00	
0.00	,1.00	
0.00	,1.00	
0.00	,1.00	
0.00	,1.00	
0.00	,1.00	
0.00	,1.00	
0.00	,1.00	
0.00	,1.00	
0.00	,1.00	
0.00	,1.00	
0.00	,1.00	
0.00	,1.00	
0.00	,1.00	
0.00	,1.00	
0.00	,1.00	
0.00	,1.00	
0.00	,1.00	
0.00	,1.00	
0.00	,1.00	
0.00	,1.00	
0.00	,1.00	
0.00	,1.00	
0.00	,1.00	
0.00	,1.00	
0.00	,1.00	
0.00	,1.00	
0.00	,1.00	
0.00	,1.00	
0.00	,1.00	
0.00	,1.00	
0.00	,1.00	
0.00	,1.00	
0.00	,1.00	
0.00	,1.00	
0.00	,1.00	
0.00	,1.00	
0.00	,1.00	
0.00	,1.00	
0.00	,1.00	
0.00	,1.00	
0.00	,1.00	
0.00	,1.00	
0.00	,1.00	
0.00	,1.00	
0.00	,1.00	
0.00	,1.00	
0.00	,1.00	
0.00	,1.00	
0.00	,1.00	
0.00	,1.00	
0.00	,1.00	
0.00	,1.00	
0.00	,1.00	
0.00	,1.00	
0.00	,1.00	
0.00	,1.00	
0.00	,1.00	
0.00	,1.00	
0.00	,1.00	
0.00	,1.00	
0.00	,1.00	
0.00	,1.00	
0.00	,1.00	
0.00	,1.00	
0.00	,1.00	
0.00	,1.00	
0.00	,1.00	
0.00	,1.00	
0.00	,1.00	
0.00	,1.00	
0.00	,1.00	
0.00	,1.00	
0.00	,1.00	
0.00	,1.00	
0.00	,1.00	
0.00	,1.00	
0.00	,1.00	
0.00	,1.00	
0.00	,1.00	
0.00	,1.00	
0.00	,1.00	
0.00	,1.00	
0.00	,1.00	
0.00	,1.00	
0.00	,1.00	
0.00	,1.00	
0.00	,1.00	
0.00	,1.00	
0.00	,1.00	
0.00	,1.00	
0.00	,1.00	
0.00	,1.00	
0.00	,1.00	
0.00	,1.00	
0.00	,1.00	
0.00	,1.00	
0.00	,1.00	
0.00	,1.00	
0.00	,1.00	
0.00	,1.00	
0.00	,1.00	
0.00	,1.00	
0.00	,1.00	
0.00	,1.00	
0.00	,1.00	
0.00	,1.00	
0.00	,1.00	
0.00	,1.00	
0.00	,1.00	
0.00	,1.00	
0.00	,1.00	
0.00	,1.00	
0.00	,1.00	
0.00	,1.00	
0.00	,1.00	
0.00	,1.00	
0.00	,1.00	
0.00	,1.00	
0.00	,1.00	
0.00	,1.00	
0.00	,1.00	
0.00	,1.00	
0.00	,1.00	
0.00	,1.00	
0.00	,1.00	
0.00	,1.00	
0.00	,1.00	
0.00	,1.00	
0.00	,1.00	
0.00	,1.00	
23.40	,-431602080.00	
28.20	,1.00	
32.40	,1.00	
34.70	,1.00	
38.90	,1.00	
43.10	,1.00	
46.90	,1.00	
51.00	,1.00	
55.00	,1.00	
59.00	,1.00	
63.00	,1.00	
67.00	,1.00	
71.00	,1.00	
75.00	,1.00	
79.10	,1.00	
83.00	,1.00	
87.00	,1.00	
91.00	,1.00	
95.00	,1.00	
99.10	,1.00	
102.00	,1.00	
105.10	,1.00	
108.00	,1.00	
111.10	,1.00	
114.00	,1.00	
117.00	,1.00	
120.00	,1.00	
123.00	,1.00	
126.10	,1.00	
128.80	,1.00	
132.00	,1.00	
135.10	,1.00	
137.90	,1.00	
141.00	,1.00	
144.00	,1.00	
146.90	,1.00	
0.00	,1.00	
0.00	,1.00	
0.00	,1.00	
0.00	,1.00	
0.00	,1.00	
0.00	,1.00	
0.00	,1.00	
0.00	,1.00	
0.00	,1.00	
0.00	,1.00	
0.00	,1.00	
0.00	,1.00	
0.00	,1.00	
0.00	,1.00	
0.00	,1.00	
0.00	,1.00	
0.00	,1.00	
0.00	,1.00	
0.00	,1.00	
0.00	,1.00	
0.00	,1.00	
0.00	,1.00	
0.00	,1.00	
0.00	,1.00	
0.00	,1.00	
0.00	,1.00	
0.00	,1.00	
0.00	,1.00	
0.00	,1.00	
0.00	,1.00	
0.00	,1.00	
0.00	,1.00	
0.00	,1.00	
0.00	,1.00	
0.00	,1.00	
0.00	,1.00	
0.00	,1.00	
0.00	,1.00	
0.00	,1.00	
0.00	,1.00	
0.00	,1.00	
0.00	,1.00	
0.00	,1.00	
0.00	,1.00	
0.00	,1.00	
0.00	,1.00	
0.00	,1.00	
0.00	,1.00	
0.00	,1.00	
0.00	,1.00	
0.00	,1.00	
0.00	,1.00	
0.00	,1.00	
0.00	,1.00	
0.00	,1.00	
0.00	,1.00	
0.00	,1.00	
0.00	,1.00	
0.00	,1.00	
0.00	,1.00	
0.00	,1.00	
0.00	,1.00	
0.00	,1.00	
0.00	,1.00	
0.00	,1.00	
0.00	,1.00	
0.00	,1.00	
0.00	,1.00	
0.00	,1.00	
0.00	,1.00	
0.00	,1.00	
0.00	,1.00	
0.00	,1.00	
0.00	,1.00	
0.00	,1.00	
0.00	,1.00	
0.00	,1.00	
0.00	,1.00	
0.00	,1.00	
0.00	,1.00	
0.00	,1.00	
0.00	,1.00	
0.00	,1.00	
0.00	,1.00	
0.00	,1.00	
0.00	,1.00	
0.00	,1.00	
0.00	,1.00	
0.00	,1.00	
0.00	,1.00	
0.00	,1.00	
0.00	,1.00	
0.00	,1.00	
0.00	,1.00	
0.00	,1.00	
0.00	,1.00	
0.00	,1.00	
0.00	,1.00	
0.00	,1.00	
0.00	,1.00	
0.00	,1.00	
0.00	,1.00	
0.00	,1.00	
0.00	,1.00	
0.00	,1.00	
0.00	,1.00	
0.00	,1.00	
0.00	,1.00	
0.00	,1.00	
0.00	,1.00	
0.00	,1.00	
0.00	,1.00	
0.00	,1.00	
0.00	,1.00	
0.00	,1.00	
0.00	,1.00	
0.00	,1.00	
0.00	,1.00	
0.00	,1.00	
0.00	,1.00	
0.00	,1.00	
0.00	,1.00	
0.00	,1.00	
0.00	,1.00	
0.00	,1.00	
0.00	,1.00	
0.00	,1.00	
0.00	,1.00	
0.00	,1.00	
0.00	,1.00	
0.00	,1.00	
0.00	,1.00	
0.00	,1.00	
0.00	,1.00	
0.00	,1.00	
0.00	,1.00	
0.00	,1.00	
0.00	,1.00	
0.00	,1.00	
0.00	,1.00	
0.00	,1.00	
0.00	,1.00	
0.00	,1.00	
0.00	,1.00	
0.00	,1.00	
0.00	,1.00	
0.00	,1.00	
0.00	,1.00	
0.00	,1.00	
0.00	,1.00	
0.00	,1.00	
0.00	,1.00	
0.00	,1.00	
0.00	,1.00	
0.00	,1.00	
0.00	,1.00	
0.00	,1.00	
0.00	,1.00	
0.00	,1.00	
0.00	,1.00	
0.00	,1.00	
0.00	,1.00	
0.00	,1.00	
0.00	,1.00	
23.40	,-431602080.00	
28.20	,1.00	
32.40	,1.00	
34.70	,1.00	
38.90	,1.00	
43.10	,1.00	
46.90	,1.00	
51.00	,1.00	
55.00	,1.00	
59.00	,1.00	
63.00	,1.00	
67.00	,1.00	
71.00	,1.00	
75.00	,1.00	
79.10	,1.00	
83.00	,1.00	
87.00	,1.00	
91.00	,1.00	
95.00	,1.00	
99.10	,1.00	
102.00	,1.00	
105.10	,1.00	
108.00	,1.00	
111.10	,1.00	
114.00	,1.00	
117.00	,1.00	
120.00	,1.00	
123.00	,1.00	
126.10	,1.00	
128.80	,1.00	
132.00	,1.00	
135.10	,1.00	
137.90	,1.00	
141.00	,1.00	
144.00	,1.00	
146.90	,1.00	
0.00	,1.00	
0.00	,1.00	
0.00	,1.00	
0.00	,1.00	
0.00	,1.00	
0.00	,1.00	
0.00	,1.00	
0.00	,1.00	
0.00	,1.00	
0.00	,1.00	
0.00	,1.00	
0.00	,1.00	
0.00	,1.00	
0.00	,1.00	
0.00	,1.00	
0.00	,1.00	
0.00	,1.00	
0.00	,1.00	
0.00	,1.00	
0.00	,1.00	
0.00	,1.00	
0.00	,1.00	
0.00	,1.00	
0.00	,1.00	
0.00	,1.00	
0.00	,1.00	
0.00	,1.00	
0.00	,1.00	
0.00	,1.00	
0.00	,1.00	
0.00	,1.00	
0.00	,1.00	
0.00	,1.00	
0.00	,1.00	
0.00	,1.00	
0.00	,1.00	
0.00	,1.00	
0.00	,1.00	
0.00	,1.00	
0.00	,1.00	
0.00	,1.00	
0.00	,1.00	
0.00	,1.00	
0.00	,1.00	
0.00	,1.00	
0.00	,1.00	
0.00	,1.00	
0.00	,1.00	
0.00	,1.00	
0.00	,1.00	
0.00	,1.00	
0.00	,1.00	
0.00	,1.00	
0.00	,1.00	
0.00	,1.00	
0.00	,1.00	
0.00	,1.00	
0.00	,1.00	
0.00	,1.00	
0.00	,1.00	
0.00	,1.00	
0.00	,1.00	
0.00	,1.00	
0.00	,1.00	
0.00	,1.00	
0.00	,1.00	
0.00	,1.00	
0.00	,1.00	
0.00	,1.00	
0.00	,1.00	
0.00	,1.00	
0.00	,1.00	
0.00	,1.00	
0.00	,1.00	
0.00	,1.00	
0.00	,1.00	
0.00	,1.00	
0.00	,1.00	
0.00	,1.00	
0.00	,1.00	
0.00	,1.00	
0.00	,1.00	
0.00	,1.00	
0.00	,1.00	
0.00	,1.00	
0.00	,1.00	
0.00	,1.00	
0.00	,1.00	
0.00	,1.00	
0.00	,1.00	
0.00	,1.00	
0.00	,1.00	
0.00	,1.00	
0.00	,1.00	
0.00	,1.00	
0.00	,1.00	
0.00	,1.00	
0.00	,1.00	
0.00	,1.00	
0.00	,1.00	
0.00	,1.00	
0.00	,1.00	
0.00	,1.00	
0.00	,1.00	
0.00	,1.00	
0.00	,1.00	
0.00	,1.00	
0.00	,1.00	
0.00	,1.00	
0.00	,1.00	
0.00	,1.00	
0.00	,1.00	
0.00	,1.00	
0.00	,1.00	
0.00	,1.00	
0.00	,1.00	
0.00	,1.00	
0.00	,1.00	
0.00	,1.00	
0.00	,1.00	
0.00	,1.00	
0.00	,1.00	
0.00	,1.00	
0.00	,1.00	
0.00	,1.00	
0.00	,1.00	
0.00	,1.00	
0.00	,1.00	
0.00	,1.00	
0.00	,1.00	
0.00	,1.00	
0.00	,1.00	
0.00	,1.00	
0.00	,1.00	
0.00	,1.00	
0.00	,1.00	
0.00	,1.00	
0.00	,1.00	
0.00	,1.00	
0.00	,1.00	
0.00	,1.00	
0.00	,1.00	
0.00	,1.00	
0.00	,1.00	
0.00	,1.00	
0.00	,1.00	
0.00	,1.00	
0.00	,1.00	
0.00	,1.00	
0.00	,1.00	
0.00	,1.00	
0.00	,1.00	
0.00	,1.00	
0.00	,1.00	
0.00	,1.00	
0.00	,1.00	
0.00	,1.00	
0.00	,1.00	
0.00	,1.00	
0.00	,1.00	
0.00	,1.00	
0.00	,1.00	
0.00	,1.00	
0.00	,1.00	
23.40	,-431602080.00	
28.20	,1.00	
32.40	,1.00	
34.70	,1.00	
38.90	,1.00	
43.10	,1.00	
46.90	,1.00	
51.00	,1.00	
55.00	,1.00	
59.00	,1.00	
63.00	,1.00	
67.00	,1.00	
71.00	,1.00	
75.00	,1.00	
79.10	,1.00	
83.00	,1.00	
87.00	,1.00	
91.00	,1.00	
95.00	,1.00	
99.10	,1.00	
102.00	,1.00	
105.10	,1.00	
108.00	,1.00	
111.10	,1.00	
114.00	,1.00	
117.00	,1.00	
120.00	,1.00	
123.00	,1.00	
126.10	,1.00	
128.80	,1.00	
132.00	,1.00	
135.10	,1.00	
137.90	,1.00	
141.00	,1.00	
144.00	,1.00	
146.90	,1.00	
0.00	,1.00	
0.00	,1.00	
0.00	,1.00	
0.00	,1.00	
0.00	,1.00	
0.00	,1.00	
0.00	,1.00	
0.00	,1.00	
0.00	,1.00	
0.00	,1.00	
0.00	,1.00	
0.00	,1.00	
0.00	,1.00	
0.00	,1.00	
0.00	,1.00	
0.00	,1.00	
0.00	,1.00	
0.00	,1.00	
0.00	,1.00	
0.00	,1.00	
0.00	,1.00	
0.00	,1.00	
0.00	,1.00	
0.00	,1.00	
0.00	,1.00	
0.00	,1.00	
0.00	,1.00	
0.00	,1.00	
0.00	,1.00	
0.00	,1.00	
0.00	,1.00	
0.00	,1.00	
0.00	,1.00	
0.00	,1.00	
0.00	,1.00	
0.00	,1.00	
0.00	,1.00	
0.00	,1.00	
0.00	,1.00	
0.00	,1.00	
0.00	,1.00	
0.00	,1.00	
0.00	,1.00	
0.00	,1.00	
0.00	,1.00	
0.00	,1.00	
0.00	,1.00	
0.00	,1.00	
0.00	,1.00	
0.00	,1.00	
0.00	,1.00	
0.00	,1.00	
0.00	,1.00	
0.00	,1.00	
0.00	,1.00	
0.00	,1.00	
0.00	,1.00	
0.00	,1.00	
0.00	,1.00	
0.00	,1.00	
0.00	,1.00	
0.00	,1.00	
0.00	,1.00	
0.00	,1.00	
0.00	,1.00	
0.00	,1.00	
0.00	,1.00	
0.00	,1.00	
0.00	,1.00	
0.00	,1.00	
0.00	,1.00	
0.00	,1.00	
0.00	,1.00	
0.00	,1.00	
0.00	,1.00	
0.00	,1.00	
0.00	,1.00	
0.00	,1.00	
0.00	,1.00	
0.00	,1.00	
0.00	,1.00	
0.00	,1.00	
0.00	,1.00	
0.00	,1.00	
0.00	,1.00	
0.00	,1.00	
0.00	,1.00	
0.00	,1.00	
0.00	,1.00	
0.00	,1.00	
0.00	,1.00	
0.00	,1.00	
0.00	,1.00	
0.00	,1.00	
0.00	,1.00	
0.00	,1.00	
0.00	,1.00	
0.00	,1.00	
0.00	,1.00	
0.00	,1.00	
0.00	,1.00	
0.00	,1.00	
0.00	,1.00	
0.00	,1.00	
0.00	,1.00	
0.00	,1.00	
0.00	,1.00	
0.00	,1.00	
0.00	,1.00	
0.00	,1.00	
0.00	,1.00	
0.00	,1.00	
0.00	,1.00	
0.00	,1.00	
0.00	,1.00	
0.00	,1.00	
0.00	,1.00	
0.00	,1.00	
0.00	,1.00	
0.00	,1.00	
0.00	,1.00	
0.00	,1.00	
0.00	,1.00	
0.00	,1.00	
0.00	,1.00	
0.00	,1.00	
0.00	,1.00	
0.00	,1.00	
0.00	,1.00	
0.00	,1.00	
0.00	,1.00	
0.00	,1.00	
0.00	,1.00	
0.00	,1.00	
0.00	,1.00	
0.00	,1.00	
0.00	,1.00	
0.00	,1.00	
0.00	,1.00	
0.00	,1.00	
0.00	,1.00	
0.00	,1.00	
0.00	,1.00	
0.00	,1.00	
0.00	,1.00	
0.00	,1.00	
0.00	,1.00	
0.00	,1.00	
0.00	,1.00	
0.00	,1.00	
0.00	,1.00	
0.00	,1.00	
0.00	,1.00	
0.00	,1.00	
0.00	,1.00	
0.00	,1.00	
0.00	,1.00	
0.00	,1.00	
0.00	,1.00	
0.00	,1.00	
0.00	,1.00	
0.00	,1.00	
0.00	,1.00	
0.00	,1.00	
23.40	,-431602080.00	
28.20	,1.00	
32.40	,1.00	
34.70	,1.00	
38.90	,1.00	
43.10	,1.00	
46.90	,1.00	
51.00	,1.00	
55.00	,1.00	
59.00	,1.00	
63.00	,1.00	
67.00	,1.00	
71.00	,1.00	
75.00	,1.00	
79.10	,1.00	
83.00	,1.00	
87.00	,1.00	
91.00	,1.00	
95.00	,1.00	
99.10	,1.00	
102.00	,1.00	
105.10	,1.00	
108.00	,1.00	
111.10	,1.00	
114.00	,1.00	
117.00	,1.00	
120.00	,1.00	
123.00	,1.00	
126.10	,1.00	
128.80	,1.00	
132.00	,1.00	
135.10	,1.00	
137.90	,1.00	
141.00	,1.00	
144.00	,1.00	
146.90	,1.00	
0.00	,1.00	
0.00	,1.00	
0.00	,1.00	
0.00	,1.00	
0.00	,1.00	
0.00	,1.00	
0.00	,1.00	
0.00	,1.00	
0.00	,1.00	
0.00	,1.00	
0.00	,1.00	
0.00	,1.00	
0.00	,1.00	
0.00	,1.00	
0.00	,1.00	
0.00	,1.00	
0.00	,1.00	
0.00	,1.00	
0.00	,1.00	
0.00	,1.00	
0.00	,1.00	
0.00	,1.00	
0.00	,1.00	
0.00	,1.00	
0.00	,1.00	
0.00	,1.00	
0.00	,1.00	
0.00	,1.00	
0.00	,1.00	
0.00	,1.00	
0.00	,1.00	
0.00	,1.00	
0.00	,1.00	
0.00	,1.00	
0.00	,1.00	
0.00	,1.00	
0.00	,1.00	
0.00	,1.00	
0.00	,1.00	
0.00	,1.00	
0.00	,1.00	
0.00	,1.00	
0.00	,1.00	
0.00	,1.00	
0.00	,1.00	
0.00	,1.00	
0.00	,1.00	
0.00	,1.00	
0.00	,1.00	
0.00	,1.00	
0.00	,1.00	
0.00	,1.00	
0.00	,1.00	
0.00	,1.00	
0.00	,1.00	
0.00	,1.00	
0.00	,1.00	
0.00	,1.00	
0.00	,1.00	
0.00	,1.00	
0.00	,1.00	
0.00	,1.00	
0.00	,1.00	
0.00	,1.00	
0.00	,1.00	
0.00	,1.00	
0.00	,1.00	
0.00	,1.00	
0.00	,1.00	
0.00	,1.00	
0.00	,1.00	
0.00	,1.00	
0.00	,1.00	
0.00	,1.00	
0.00	,1.00	
0.00	,1.00	
0.00	,1.00	
0.00	,1.00	
0.00	,1.00	
0.00	,1.00	
0.00	,1.00	
0.00	,1.00	
0.00	,1.00	
0.00	,1.00	
0.00	,1.00	
0.00	,1.00	
0.00	,1.00	
0.00	,1.00	
0.00	,1.00	
0.00	,1.00	
0.00	,1.00	
0.00	,1.00	
0.00	,1.00	
0.00	,1.00	
0.00	,1.00	
0.00	,1.00	
0.00	,1.00	
0.00	,1.00	
0.00	,1.00	
0.00	,1.00	
0.00	,1.00	
0.00	,1.00	
0.00	,1.00	
0.00	,1.00	
0.00	,1.00	
0.00	,1.00	
0.00	,1.00	
0.00	,1.00	
0.00	,1.00	
0.00	,1.00	
0.00	,1.00	
0.00	,1.00	
0.00	,1.00	
0.00	,1.00	
0.00	,1.00	
0.00	,1.00	
0.00	,1.00	
0.00	,1.00	
0.00	,1.00	
0.00	,1.00	
0.00	,1.00	
0.00	,1.00	
0.00	,1.00	
0.00	,1.00	
0.00	,1.00	
0.00	,1.00	
0.00	,1.00	
0.00	,1.00	
0.00	,1.00	
0.00	,1.00	
0.00	,1.00	
0.00	,1.00	
0.00	,1.00	
0.00	,1.00	
0.00	,1.00	
0.00	,1.00	
0.00	,1.00	
0.00	,1.00	
0.00	,1.00	
0.00	,1.00	
0.00	,1.00	
0.00	,1.00	
0.00	,1.00	
0.00	,1.00	
0.00	,1.00	
0.00	,1.00	
0.00	,1.00	
0.00	,1.00	
0.00	,1.00	
0.00	,1.00	
0.00	,1.00	
0.00	,1.00	
0.00	,1.00	
0.00	,1.00	
0.00	,1.00	
0.00	,1.00	
0.00	,1.00	
0.00	,1.00	
0.00	,1.00	
0.00	,1.00	
0.00	,1.00	
0.00	,1.00	
0.00	,1.00	
0.00	,1.00	
23.40	,-431602080.00	
28.20	,1.00	
32.40	,1.00	
34.70	,1.00	
38.90	,1.00	
43.10	,1.00	
46.90	,1.00	
51.00	,1.00	
55.00	,1.00	
59.00	,1.00	
63.00	,1.00	
67.00	,1.00	
71.00	,1.00	
75.00	,1.00	
79.10	,1.00	
83.00	,1.00	
87.00	,1.00	
91.00	,1.00	
95.00	,1.00	
99.10	,1.00	
102.00	,1.00	
105.10	,1.00	
108.00	,1.00	
111.10	,1.00	
114.00	,1.00	
117.00	,1.00	
120.00	,1.00	
123.00	,1.00	
126.10	,1.00	
128.80	,1.00	
132.00	,1.00	
135.10	,1.00	
137.90	,1.00	
141.00	,1.00	
144.00	,1.00	
146.90	,1.00	
0.00	,1.00	
0.00	,1.00	
0.00	,1.00	
0.00	,1.00	
0.00	,1.00	
0.00	,1.00	
0.00	,1.00	
0.00	,1.00	
0.00	,1.00	
0.00	,1.00	
0.00	,1.00	
0.00	,1.00	
0.00	,1.00	
0.00	,1.00	
0.00	,1.00	
0.00	,1.00	
0.00	,1.00	
0.00	,1.00	
0.00	,1.00	
0.00	,1.00	
0.00	,1.00	
0.00	,1.00	
0.00	,1.00	
0.00	,1.00	
0.00	,1.00	
0.00	,1.00	
0.00	,1.00	
0.00	,1.00	
0.00	,1.00	
0.00	,1.00	
0.00	,1.00	
0.00	,1.00	
0.00	,1.00	
0.00	,1.00	
0.00	,1.00	
0.00	,1.00	
0.00	,1.00	
0.00	,1.00	
0.00	,1.00	
0.00	,1.00	
0.00	,1.00	
0.00	,1.00	
0.00	,1.00	
0.00	,1.00	
0.00	,1.00	
0.00	,1.00	
0.00	,1.00	
0.00	,1.00	
0.00	,1.00	
0.00	,1.00	
0.00	,1.00	
0.00	,1.00	
0.00	,1.00	
0.00	,1.00	
0.00	,1.00	
0.00	,1.00	
0.00	,1.00	
0.00	,1.00	
0.00	,1.00	
0.00	,1.00	
0.00	,1.00	
0.00	,1.00	
0.00	,1.00	
0.00	,1.00	
0.00	,1.00	
0.00	,1.00	
0.00	,1.00	
0.00	,1.00	
0.00	,1.00	
0.00	,1.00	
0.00	,1.00	
0.00	,1.00	
0.00	,1.00	
0.00	,1.00	
0.00	,1.00	
0.00	,1.00	
0.00	,1.00	
0.00	,1.00	
0.00	,1.00	
0.00	,1.00	
0.00	,1.00	
0.00	,1.00	
0.00	,1.00	
0.00	,1.00	
0.00	,1.00	
0.00	,1.00	
0.00	,1.00	
0.00	,1.00	
0.00	,1.00	
0.00	,1.00	
0.00	,1.00	
0.00	,1.00	
0.00	,1.00	
0.00	,1.00	
0.00	,1.00	
0.00	,1.00	
0.00	,1.00	
0.00	,1.00	
0.00	,1.00	
0.00	,1.00	
0.00	,1.00	
0.00	,1.00	
0.00	,1.00	
0.00	,1.00	
0.00	,1.00	
0.00	,1.00	
0.00	,1.00	
0.00	,1.00	
0.00	,1.00	
0.00	,1.00	
0.00	,1.00	
0.00	,1.00	
0.00	,1.00	
0.00	,1.00	
0.00	,1.00	
0.00	,1.00	
0.00	,1.00	
0.00	,1.00	
0.00	,1.00	
0.00	,1.00	
0.00	,1.00	
0.00	,1.00	
0.00	,1.00	
0.00	,1.00	
0.00	,1.00	
0.00	,1.00	
0.00	,1.00	
0.00	,1.00	
0.00	,1.00	
0.00	,1.00	
0.00	,1.00	
0.00	,1.00	
0.00	,1.00	
0.00	,1.00	
0.00	,1.00	
0.00	,1.00	
0.00	,1.00	
0.00	,1.00	
0.00	,1.00	
0.00	,1.00	
0.00	,1.00	
0.00	,1.00	
0.00	,1.00	
0.00	,1.00	
0.00	,1.00	
0.00	,1.00	
0.00	,1.00	
0.00	,1.00	
0.00	,1.00	
0.00	,1.00	
0.00	,1.00	
0.00	,1.00	
0.00	,1.00	
0.00	,1.00	
0.00	,1.00	
0.00	,1.00	
0.00	,1.00	
0.00	,1.00	
0.00	,1.00	
0.00	,1.00	
0.00	,1.00	
0.00	,1.00	
0.00	,1.00	
0.00	,1.00	
23.40	,-431602080.00	
28.20	,1.00	
32.40	,1.00	
34.70	,1.00	
38.90	,1.00	
43.10	,1.00	
46.90	,1.00	
51.00	,1.00	
55.00	,1.00	
59.00	,1.00	
63.00	,1.00	
67.00	,1.00	
71.00	,1.00	
75.00	,1.00	
79.10	,1.00	
83.00	,1.00	
87.00	,1.00	
91.00	,1.00	
95.00	,1.00	
99.10	,1.00	
102.00	,1.00	
105.10	,1.00	
108.00	,1.00	
111.10	,1.00	
114.00	,1.00	
117.00	,1.00	
120.00	,1.00	
123.00	,1.00	
126.10	,1.00	
128.80	,1.00	
132.00	,1.00	
135.10	,1.00	
137.90	,1.00	
141.00	,1.00	
144.00	,1.00	
146.90	,1.00	
0.00	,1.00	
0.00	,1.00	
0.00	,1.00	
0.00	,1.00	
0.00	,1.00	
0.00	,1.00	
0.00	,1.00	
0.00	,1.00	
0.00	,1.00	
0.00	,1.00	
0.00	,1.00	
0.00	,1.00	
0.00	,1.00	
0.00	,1.00	
0.00	,1.00	
0.00	,1.00	
0.00	,1.00	
0.00	,1.00	
0.00	,1.00	
0.00	,1.00	
0.00	,1.00	
0.00	,1.00	
0.00	,1.00	
0.00	,1.00	
0.00	,1.00	
0.00	,1.00	
0.00	,1.00	
0.00	,1.00	
0.00	,1.00	
0.00	,1.00	
0.00	,1.00	
0.00	,1.00	
0.00	,1.00	
0.00	,1.00	
0.00	,1.00	
0.00	,1.00	
0.00	,1.00	
0.00	,1.00	
0.00	,1.00	
0.00	,1.00	
0.00	,1.00	
0.00	,1.00	
0.00	,1.00	
0.00	,1.00	
0.00	,1.00	
0.00	,1.00	
0.00	,1.00	
0.00	,1.00	
0.00	,1.00	
0.00	,1.00	
0.00	,1.00	
0.00	,1.00	
0.00	,1.00	
0.00	,1.00	
0.00	,1.00	
0.00	,1.00	
0.00	,1.00	
0.00	,1.00	
0.00	,1.00	
0.00	,1.00	
0.00	,1.00	
0.00	,1.00	
0.00	,1.00	
0.00	,1.00	
0.00	,1.00	
0.00	,1.00	
0.00	,1.00	
0.00	,1.00	
0.00	,1.00	
0.00	,1.00	
0.00	,1.00	
0.00	,1.00	
0.00	,1.00	
0.00	,1.00	
0.00	,1.00	
0.00	,1.00	
0.00	,1.00	
0.00	,1.00	
0.00	,1.00	
0.00	,1.00	
0.00	,1.00	
0.00	,1.00	
0.00	,1.00	
0.00	,1.00	
0.00	,1.00	
0.00	,1.00	
0.00	,1.00	
0.00	,1.00	
0.00	,1.00	
0.00	,1.00	
0.00	,1.00	
0.00	,1.00	
0.00	,1.00	
0.00	,1.00	
0.00	,1.00	
0.00	,1.00	
0.00	,1.00	
0.00	,1.00	
0.00	,1.00	
0.00	,1.00	
0.00	,1.00	
0.00	,1.00	
0.00	,1.00	
0.00	,1.00	
0.00	,1.00	
0.00	,1.00	
0.00	,1.00	
0.00	,1.00	
0.00	,1.00	
0.00	,1.00	
0.00	,1.00	
0.00	,1.00	
0.00	,1.00	
0.00	,1.00	
0.00	,1.00	
0.00	,1.00	
0.00	,1.00	
0.00	,1.00	
0.00	,1.00	
0.00	,1.00	
0.00	,1.00	
0.00	,1.00	
0.00	,1.00	
0.00	,1.00	
0.00	,1.00	
0.00	,1.00	
0.00	,1.00	
0.00	,1.00	
0.00	,1.00	
0.00	,1.00	
0.00	,1.00	
0.00	,1.00	
0.00	,1.00	
0.00	,1.00	
0.00	,1.00	
0.00	,1.00	
0.00	,1.00	
0.00	,1.00	
0.00	,1.00	
0.00	,1.00	
0.00	,1.00	
0.00	,1.00	
0.00	,1.00	
0.00	,1.00	
0.00	,1.00	
0.00	,1.00	
0.00	,1.00	
0.00	,1.00	
0.00	,1.00	
0.00	,1.00	
0.00	,1.00	
0.00	,1.00	
0.00	,1.00	
0.00	,1.00	
0.00	,1.00	
0.00	,1.00	
0.00	,1.00	
0.00	,1.00	
0.00	,1.00	
0.00	,1.00	
0.00	,1.00	
0.00	,1.00	
0.00	,1.00	
0.00	,1.00	
23.40	,-431602080.00	
28.20	,1.00	
32.40	,1.00	
34.70	,1.00	
38.90	,1.00	
43.10	,1.00	
46.90	,1.00	
51.00	,1.00	
55.00	,1.00	
59.00	,1.00	
63.00	,1.00	
67.00	,1.00	
71.00	,1.00	
75.00	,1.00	
79.10	,1.00	
83.00	,1.00	
87.00	,1.00	
91.00	,1.00	
95.00	,1.00	
99.10	,1.00	
102.00	,1.00	
105.10	,1.00	
108.00	,1.00	
111.10	,1.00	
114.00	,1.00	
117.00	,1.00	
120.00	,1.00	
123.00	,1.00	
126.10	,1.00	
128.80	,1.00	
132.00	,1.00	
135.10	,1.00	
137.90	,1.00	
141.00	,1.00	
144.00	,1.00	
146.90	,1.00	
0.00	,1.00	
0.00	,1.00	
0.00	,1.00	
0.00	,1.00	
0.00	,1.00	
0.00	,1.00	
0.00	,1.00	
0.00	,1.00	
0.00	,1.00	
0.00	,1.00	
0.00	,1.00	
0.00	,1.00	
0.00	,1.00	
0.00	,1.00	
0.00	,1.00	
0.00	,1.00	
0.00	,1.00	
0.00	,1.00	
0.00	,1.00	
0.00	,1.00	
0.00	,1.00	
0.00	,1.00	
0.00	,1.00	
0.00	,1.00	
0.00	,1.00	
0.00	,1.00	
0.00	,1.00	
0.00	,1.00	
0.00	,1.00	
0.00	,1.00	
0.00	,1.00	
0.00	,1.00	
0.00	,1.00	
0.00	,1.00	
0.00	,1.00	
0.00	,1.00	
0.00	,1.00	
0.00	,1.00	
0.00	,1.00	
0.00	,1.00	
0.00	,1.00	
0.00	,1.00	
0.00	,1.00	
0.00	,1.00	
0.00	,1.00	
0.00	,1.00	
0.00	,1.00	
0.00	,1.00	
0.00	,1.00	
0.00	,1.00	
0.00	,1.00	
0.00	,1.00	
0.00	,1.00	
0.00	,1.00	
0.00	,1.00	
0.00	,1.00	
0.00	,1.00	
0.00	,1.00	
0.00	,1.00	
0.00	,1.00	
0.00	,1.00	
0.00	,1.00	
0.00	,1.00	
0.00	,1.00	
0.00	,1.00	
0.00	,1.00	
0.00	,1.00	
0.00	,1.00	
0.00	,1.00	
0.00	,1.00	
0.00	,1.00	
0.00	,1.00	
0.00	,1.00	
0.00	,1.00	
0.00	,1.00	
0.00	,1.00	
0.00	,1.00	
0.00	,1.00	
0.00	,1.00	
0.00	,1.00	
0.00	,1.00	
0.00	,1.00	
0.00	,1.00	
0.00	,1.00	
0.00	,1.00	
0.00	,1.00	
0.00	,1.00	
0.00	,1.00	
0.00	,1.00	
0.00	,1.00	
0.00	,1.00	
0.00	,1.00	
0.00	,1.00	
0.00	,1.00	
0.00	,1.00	
0.00	,1.00	
0.00	,1.00	
0.00	,1.00	
0.00	,1.00	
0.00	,1.00	
0.00	,1.00	
0.00	,1.00	
0.00	,1.00	
0.00	,1.00	
0.00	,1.00	
0.00	,1.00	
0.00	,1.00	
0.00	,1.00	
0.00	,1.00	
0.00	,1.00	
0.00	,1.00	
0.00	,1.00	
0.00	,1.00	
0.00	,1.00	
0.00	,1.00	
0.00	,1.00	
0.00	,1.00	
0.00	,1.00	
0.00	,1.00	
0.00	,1.00	
0.00	,1.00	
0.00	,1.00	
0.00	,1.00	
0.00	,1.00	
0.00	,1.00	
0.00	,1.00	
0.00	,1.00	
0.00	,1.00	
0.00	,1.00	
0.00	,1.00	
0.00	,1.00	
0.00	,1.00	
0.00	,1.00	
0.00	,1.00	
0.00	,1.00	
0.00	,1.00	
0.00	,1.00	
0.00	,1.00	
0.00	,1.00	
0.00	,1.00	
0.00	,1.00	
0.00	,1.00	
0.00	,1.00	
0.00	,1.00	
0.00	,1.00	
0.00	,1.00	
0.00	,1.00	
0.00	,1.00	
0.00	,1.00	
0.00	,1.00	
0.00	,1.00	
0.00	,1.00	
0.00	,1.00	
0.00	,1.00	
